   FEM        Exact
  0.99999887   0.99999886
  0.99999884   0.99999882
  0.99999879   0.99999874
  0.99999869   0.99999863
  0.99999856   0.99999848
  0.99999839   0.99999829
  0.99999818   0.99999805
  0.99999791   0.99999776
  0.99999760   0.99999741
  0.99999721   0.99999699
  0.99999676   0.99999650
  0.99999622   0.99999592
  0.99999559   0.99999523
  0.99999484   0.99999443
  0.99999398   0.99999349
  0.99999297   0.99999240
  0.99999179   0.99999113
  0.99999042   0.99998965
  0.99998883   0.99998794
  0.99998699   0.99998596
  0.99998486   0.99998367
  0.99998240   0.99998103
  0.99997956   0.99997798
  0.99997628   0.99997446
  0.99997251   0.99997041
  0.99996817   0.99996576
  0.99996318   0.99996042
  0.99995746   0.99995429
  0.99995090   0.99994727
  0.99994339   0.99993923
  0.99993479   0.99993005
  0.99992498   0.99991956
  0.99991378   0.99990760
  0.99990101   0.99989397
  0.99988646   0.99987846
  0.99986992   0.99986082
  0.99985113   0.99984080
  0.99982979   0.99981808
  0.99980562   0.99979236
  0.99977825   0.99976326
  0.99974732   0.99973037
  0.99971237   0.99969324
  0.99967292   0.99965132
  0.99962837   0.99960399
  0.99957808   0.99955056
  0.99952133   0.99949031
  0.99945743   0.99942262
  0.99938583   0.99934706
  0.99930631   0.99926365
  0.99921917   0.99917303
  0.99912544   0.99907668
  0.99902709   0.99897705
  0.99892703   0.99887751
  0.99882903   0.99878215
  0.99873743   0.99869539
  0.99865654   0.99862130
  0.99859001   0.99856288
  0.99853998   0.99852121
  0.99850628   0.99849468
  0.99848571   0.99847842
  0.99847164   0.99846400
  0.99845389   0.99843954
  0.99841900   0.99839017
  0.99835087   0.99829883
  0.99823176   0.99814738
  0.99804345   0.99791780
  0.99776841   0.99759338
  0.99739100   0.99715977
  0.99689837   0.99660574
  0.99628104   0.99592363
  0.99553312   0.99510932
  0.99465224   0.99416202
  0.99363900   0.99308360
  0.99249634   0.99187781
  0.99122862   0.99054940
  0.98984076   0.98910325
  0.98833735   0.98754348
  0.98672193   0.98587289
  0.98499640   0.98409241
  0.98316068   0.98220087
  0.98121247   0.98019487
  0.97914729   0.97806885
  0.97695855   0.97581529
  0.97463784   0.97342490
  0.97217511   0.97088701
  0.96955908   0.96818976
  0.96677745   0.96532049
  0.96381722   0.96226593
  0.96066490   0.95901239
  0.95730668   0.95554600
  0.95372860   0.95185273
  0.94991663   0.94791855
  0.94585674   0.94372945
  0.94153492   0.93927143
  0.93693724   0.93453061
  0.93204981   0.92949313
  0.92685883   0.92414521
  0.92135057   0.91847318
  0.91551136   0.91246342
  0.90932766   0.90610241
  0.90278601   0.89937678
  0.89587308   0.89227327
  0.88857572   0.88477881
  0.88088096   0.87688057
  0.87277607   0.86856594
  0.86424863   0.85982265
  0.85528651   0.85063877
  0.84587800   0.84100280
  0.83601181   0.83090370
  0.82567716   0.82033095
  0.81486383   0.80927463
  0.80356221   0.79772547
  0.79176336   0.78567488
  0.77945909   0.77311508
  0.76664200   0.76003907
  0.75330555   0.74644077
  0.73944411   0.73231501
  0.72505300   0.71765765
  0.71012859   0.70246555
  0.69466831   0.68673671
  0.67867069   0.67047024
  0.66213545   0.65366646
  0.64506350   0.63632689
  0.62745700   0.61845432
  0.60931938   0.60005282
  0.59065536   0.58112779
  0.57147100   0.56168594
  0.55177368   0.54173534
  0.53157215   0.52128541
  0.51087652   0.50034694
  0.48969823   0.47893205
  0.46805011   0.45705423
  0.44594630   0.43472829
  0.42340227   0.41197036
  0.40043478   0.38879783
  0.37706187   0.36522935
  0.35330279   0.34128478
  0.32917798   0.31698512
  0.30470901   0.29235250
  0.27991852   0.26741007
  0.25483019   0.24218198
  0.22946862   0.21669330
  0.20385930   0.19096993
  0.17802854   0.16503853
  0.15200334   0.13892645
  0.12581136   0.11266162
  0.09948080   0.08627249
  0.07304031   0.05978790
  0.04651891   0.03323702
  0.01994591   0.00664925
  0.99999885   0.99999885
  0.99999885   0.99999885
  0.99999885   0.99999885
  0.99999885   0.99999885
  0.99999884   0.99999884
  0.99999884   0.99999884
  0.99999883   0.99999883
  0.99999882   0.99999882
  0.99999882   0.99999881
  0.99999881   0.99999880
  0.99999879   0.99999879
  0.99999878   0.99999878
  0.99999877   0.99999876
  0.99999875   0.99999875
  0.99999874   0.99999873
  0.99999872   0.99999871
  0.99999870   0.99999869
  0.99999868   0.99999867
  0.99999866   0.99999865
  0.99999864   0.99999863
  0.99999861   0.99999860
  0.99999859   0.99999858
  0.99999856   0.99999855
  0.99999853   0.99999852
  0.99999850   0.99999849
  0.99999847   0.99999846
  0.99999844   0.99999842
  0.99999841   0.99999839
  0.99999837   0.99999835
  0.99999833   0.99999832
  0.99999830   0.99999828
  0.99999826   0.99999824
  0.99999821   0.99999819
  0.99999817   0.99999815
  0.99999812   0.99999810
  0.99999808   0.99999805
  0.99999803   0.99999800
  0.99999798   0.99999795
  0.99999793   0.99999790
  0.99999787   0.99999784
  0.99999781   0.99999778
  0.99999776   0.99999772
  0.99999769   0.99999766
  0.99999763   0.99999760
  0.99999757   0.99999753
  0.99999750   0.99999746
  0.99999743   0.99999739
  0.99999736   0.99999732
  0.99999728   0.99999724
  0.99999721   0.99999717
  0.99999713   0.99999709
  0.99999704   0.99999700
  0.99999696   0.99999692
  0.99999687   0.99999683
  0.99999678   0.99999674
  0.99999669   0.99999664
  0.99999659   0.99999654
  0.99999649   0.99999644
  0.99999639   0.99999634
  0.99999629   0.99999623
  0.99999618   0.99999612
  0.99999607   0.99999601
  0.99999595   0.99999589
  0.99999583   0.99999577
  0.99999571   0.99999565
  0.99999558   0.99999552
  0.99999545   0.99999539
  0.99999532   0.99999525
  0.99999518   0.99999511
  0.99999504   0.99999496
  0.99999489   0.99999482
  0.99999474   0.99999466
  0.99999459   0.99999451
  0.99999443   0.99999434
  0.99999426   0.99999418
  0.99999409   0.99999400
  0.99999392   0.99999383
  0.99999374   0.99999365
  0.99999355   0.99999346
  0.99999336   0.99999327
  0.99999317   0.99999307
  0.99999297   0.99999286
  0.99999276   0.99999265
  0.99999255   0.99999244
  0.99999233   0.99999221
  0.99999210   0.99999199
  0.99999187   0.99999175
  0.99999163   0.99999151
  0.99999138   0.99999126
  0.99999113   0.99999100
  0.99999087   0.99999074
  0.99999061   0.99999047
  0.99999033   0.99999019
  0.99999005   0.99998990
  0.99998976   0.99998961
  0.99998946   0.99998931
  0.99998915   0.99998900
  0.99998884   0.99998868
  0.99998851   0.99998835
  0.99998818   0.99998801
  0.99998784   0.99998766
  0.99998749   0.99998731
  0.99998712   0.99998694
  0.99998675   0.99998656
  0.99998637   0.99998618
  0.99998598   0.99998578
  0.99998557   0.99998537
  0.99998516   0.99998495
  0.99998473   0.99998452
  0.99998430   0.99998407
  0.99998385   0.99998362
  0.99998338   0.99998315
  0.99998291   0.99998267
  0.99998242   0.99998217
  0.99998192   0.99998166
  0.99998140   0.99998114
  0.99998088   0.99998061
  0.99998033   0.99998006
  0.99997978   0.99997949
  0.99997920   0.99997891
  0.99997861   0.99997831
  0.99997801   0.99997770
  0.99997739   0.99997707
  0.99997675   0.99997643
  0.99997610   0.99997576
  0.99997543   0.99997508
  0.99997474   0.99997439
  0.99997403   0.99997367
  0.99997330   0.99997293
  0.99997256   0.99997218
  0.99997179   0.99997140
  0.99997100   0.99997060
  0.99997020   0.99996978
  0.99996937   0.99996894
  0.99996852   0.99996808
  0.99996764   0.99996720
  0.99996675   0.99996629
  0.99996583   0.99996536
  0.99996488   0.99996440
  0.99996392   0.99996342
  0.99996292   0.99996242
  0.99996190   0.99996138
  0.99996086   0.99996032
  0.99995978   0.99995924
  0.99995868   0.99995812
  0.99995755   0.99995698
  0.99995639   0.99995580
  0.99995520   0.99995460
  0.99995398   0.99995336
  0.99995273   0.99995209
  0.99995145   0.99995079
  0.99995013   0.99994946
  0.99994878   0.99994809
  0.99994739   0.99994669
  0.99994597   0.99994525
  0.99994452   0.99994377
  0.99994302   0.99994226
  0.99994149   0.99994071
  0.99993992   0.99993912
  0.99993831   0.99993749
  0.99993666   0.99993581
  0.99993496   0.99993410
  0.99993322   0.99993234
  0.99993144   0.99993054
  0.99992962   0.99992869
  0.99992775   0.99992679
  0.99992583   0.99992485
  0.99992386   0.99992286
  0.99992185   0.99992082
  0.99991978   0.99991873
  0.99991766   0.99991659
  0.99991549   0.99991439
  0.99991327   0.99991214
  0.99991099   0.99990983
  0.99990865   0.99990746
  0.99990626   0.99990504
  0.99990381   0.99990256
  0.99990129   0.99990001
  0.99989872   0.99989741
  0.99989608   0.99989473
  0.99989337   0.99989200
  0.99989060   0.99988919
  0.99988777   0.99988632
  0.99988486   0.99988338
  0.99988188   0.99988037
  0.99987883   0.99987728
  0.99987571   0.99987412
  0.99987251   0.99987088
  0.99986923   0.99986756
  0.99986587   0.99986416
  0.99986243   0.99986068
  0.99985891   0.99985712
  0.99985530   0.99985347
  0.99985161   0.99984973
  0.99984783   0.99984590
  0.99984396   0.99984199
  0.99983999   0.99983797
  0.99983593   0.99983387
  0.99983178   0.99982966
  0.99982752   0.99982536
  0.99982317   0.99982095
  0.99981871   0.99981644
  0.99981414   0.99981182
  0.99980947   0.99980709
  0.99980468   0.99980225
  0.99979979   0.99979730
  0.99979478   0.99979223
  0.99978965   0.99978704
  0.99978440   0.99978173
  0.99977903   0.99977630
  0.99977353   0.99977074
  0.99976791   0.99976504
  0.99976215   0.99975922
  0.99975626   0.99975326
  0.99975023   0.99974717
  0.99974407   0.99974093
  0.99973776   0.99973455
  0.99973131   0.99972802
  0.99972470   0.99972134
  0.99971795   0.99971451
  0.99971104   0.99970752
  0.99970397   0.99970038
  0.99969674   0.99969306
  0.99968935   0.99968559
  0.99968178   0.99967794
  0.99967405   0.99967011
  0.99966614   0.99966211
  0.99965805   0.99965393
  0.99964977   0.99964557
  0.99964131   0.99963701
  0.99963266   0.99962826
  0.99962381   0.99961932
  0.99961477   0.99961017
  0.99960552   0.99960082
  0.99959607   0.99959126
  0.99958640   0.99958149
  0.99957652   0.99957149
  0.99956641   0.99956128
  0.99955609   0.99955084
  0.99954553   0.99954017
  0.99953474   0.99952926
  0.99952371   0.99951811
  0.99951244   0.99950671
  0.99950092   0.99949507
  0.99948915   0.99948316
  0.99947711   0.99947100
  0.99946482   0.99945857
  0.99945225   0.99944587
  0.99943941   0.99943289
  0.99942629   0.99941963
  0.99941289   0.99940608
  0.99939919   0.99939223
  0.99938520   0.99937809
  0.99937090   0.99936364
  0.99935630   0.99934888
  0.99934138   0.99933380
  0.99932614   0.99931840
  0.99931057   0.99930267
  0.99929467   0.99928660
  0.99927843   0.99927018
  0.99926184   0.99925342
  0.99924490   0.99923630
  0.99922760   0.99921881
  0.99920993   0.99920095
  0.99919188   0.99918272
  0.99917346   0.99916410
  0.99915464   0.99914509
  0.99913543   0.99912567
  0.99911581   0.99910585
  0.99909579   0.99908562
  0.99907534   0.99906495
  0.99905446   0.99904386
  0.99903315   0.99902233
  0.99901140   0.99900035
  0.99898919   0.99897791
  0.99896652   0.99895501
  0.99894338   0.99893163
  0.99891976   0.99890777
  0.99889566   0.99888342
  0.99887106   0.99885857
  0.99884595   0.99883320
  0.99882033   0.99880732
  0.99879418   0.99878091
  0.99876750   0.99875395
  0.99874027   0.99872645
  0.99871249   0.99869839
  0.99868415   0.99866976
  0.99865523   0.99864055
  0.99862572   0.99861075
  0.99859562   0.99858035
  0.99856492   0.99854933
  0.99853359   0.99851769
  0.99850163   0.99848542
  0.99846904   0.99845250
  0.99843579   0.99841892
  0.99840188   0.99838467
  0.99836730   0.99834975
  0.99833202   0.99831412
  0.99829605   0.99827779
  0.99825936   0.99824075
  0.99822195   0.99820297
  0.99818380   0.99816444
  0.99814490   0.99812516
  0.99810524   0.99808511
  0.99806479   0.99804428
  0.99802356   0.99800264
  0.99798152   0.99796020
  0.99793867   0.99791692
  0.99789497   0.99787281
  0.99785044   0.99782784
  0.99780504   0.99778201
  0.99775876   0.99773528
  0.99771159   0.99768766
  0.99766351   0.99763912
  0.99761451   0.99758965
  0.99756456   0.99753924
  0.99751367   0.99748786
  0.99746180   0.99743550
  0.99740895   0.99738214
  0.99735509   0.99732777
  0.99730020   0.99727237
  0.99724428   0.99721593
  0.99718731   0.99715842
  0.99712926   0.99709982
  0.99707011   0.99704013
  0.99700986   0.99697931
  0.99694848   0.99691736
  0.99688595   0.99685425
  0.99682226   0.99678997
  0.99675738   0.99672449
  0.99669130   0.99665780
  0.99662399   0.99658987
  0.99655544   0.99652069
  0.99648562   0.99645023
  0.99641452   0.99637848
  0.99634211   0.99630541
  0.99626837   0.99623100
  0.99619329   0.99615523
  0.99611683   0.99607809
  0.99603899   0.99599953
  0.99595973   0.99591956
  0.99587903   0.99583813
  0.99579687   0.99575523
  0.99571323   0.99567084
  0.99562808   0.99558493
  0.99554140   0.99549748
  0.99545317   0.99540846
  0.99536335   0.99531785
  0.99527194   0.99522562
  0.99517889   0.99513175
  0.99508420   0.99503622
  0.99498782   0.99493900
  0.99488974   0.99484005
  0.99478993   0.99473936
  0.99468835   0.99463690
  0.99458500   0.99453264
  0.99447983   0.99442656
  0.99437282   0.99431862
  0.99426394   0.99420880
  0.99415317   0.99409706
  0.99404047   0.99398339
  0.99392582   0.99386775
  0.99380919   0.99375012
  0.99369054   0.99363045
  0.99356985   0.99350873
  0.99344709   0.99338492
  0.99332222   0.99325899
  0.99319522   0.99313091
  0.99306605   0.99300065
  0.99293469   0.99286817
  0.99280109   0.99273344
  0.99266523   0.99259644
  0.99252707   0.99245713
  0.99238659   0.99231546
  0.99224374   0.99217142
  0.99209850   0.99202497
  0.99195082   0.99187606
  0.99180068   0.99172467
  0.99164804   0.99157077
  0.99149286   0.99141430
  0.99133510   0.99125525
  0.99117474   0.99109357
  0.99101173   0.99092922
  0.99084604   0.99076217
  0.99067762   0.99059238
  0.99050645   0.99041982
  0.99033248   0.99024443
  0.99015567   0.99006619
  0.98997599   0.98988506
  0.98979339   0.98970099
  0.98960784   0.98951394
  0.98941929   0.98932388
  0.98922771   0.98913076
  0.98903305   0.98893455
  0.98883526   0.98873519
  0.98863432   0.98853265
  0.98843017   0.98832688
  0.98822278   0.98811785
  0.98801209   0.98790550
  0.98779807   0.98768979
  0.98758067   0.98747069
  0.98735985   0.98724814
  0.98713555   0.98702209
  0.98690775   0.98679251
  0.98667638   0.98655935
  0.98644141   0.98632256
  0.98620278   0.98608208
  0.98596046   0.98583789
  0.98571438   0.98558992
  0.98546451   0.98533813
  0.98521079   0.98508247
  0.98495317   0.98482289
  0.98469161   0.98455934
  0.98442606   0.98429177
  0.98415646   0.98402013
  0.98388277   0.98374437
  0.98360493   0.98346444
  0.98332289   0.98318028
  0.98303660   0.98289184
  0.98274600   0.98259907
  0.98245105   0.98230192
  0.98215169   0.98200033
  0.98184786   0.98169425
  0.98153951   0.98138363
  0.98122659   0.98106840
  0.98090904   0.98074851
  0.98058680   0.98042391
  0.98025982   0.98009453
  0.97992804   0.97976033
  0.97959140   0.97942125
  0.97924985   0.97907722
  0.97890333   0.97872819
  0.97855178   0.97837410
  0.97819514   0.97801489
  0.97783334   0.97765050
  0.97746634   0.97728087
  0.97709407   0.97690594
  0.97671647   0.97652565
  0.97633347   0.97613993
  0.97594502   0.97574873
  0.97555105   0.97535198
  0.97515151   0.97494962
  0.97474632   0.97454159
  0.97433543   0.97412782
  0.97391876   0.97370825
  0.97349626   0.97328280
  0.97306786   0.97285143
  0.97263350   0.97241406
  0.97219310   0.97197063
  0.97174661   0.97152106
  0.97129396   0.97106530
  0.97083507   0.97060327
  0.97036988   0.97013491
  0.96989833   0.96966015
  0.96942034   0.96917891
  0.96893585   0.96869114
  0.96844479   0.96819677
  0.96794708   0.96769571
  0.96744265   0.96718790
  0.96693145   0.96667328
  0.96641339   0.96615176
  0.96588840   0.96562329
  0.96535641   0.96508777
  0.96481736   0.96454516
  0.96427116   0.96399536
  0.96371774   0.96343831
  0.96315704   0.96287393
  0.96258897   0.96230215
  0.96201347   0.96172290
  0.96143045   0.96113610
  0.96083984   0.96054167
  0.96024157   0.95993954
  0.95963557   0.95932964
  0.95902175   0.95871188
  0.95840004   0.95808620
  0.95777036   0.95745251
  0.95713264   0.95681073
  0.95648679   0.95616080
  0.95583274   0.95550262
  0.95517042   0.95483613
  0.95449974   0.95416124
  0.95382062   0.95347787
  0.95313298   0.95278595
  0.95243676   0.95208539
  0.95173185   0.95137612
  0.95101819   0.95065806
  0.95029570   0.94993111
  0.94956429   0.94919521
  0.94882388   0.94845028
  0.94807439   0.94769622
  0.94731575   0.94693296
  0.94654786   0.94616042
  0.94577064   0.94537851
  0.94498402   0.94458715
  0.94418791   0.94378627
  0.94338222   0.94297576
  0.94256688   0.94215556
  0.94174180   0.94132558
  0.94090689   0.94048573
  0.94006208   0.93963593
  0.93920728   0.93877610
  0.93834240   0.93790615
  0.93746735   0.93702600
  0.93658207   0.93613556
  0.93568645   0.93523474
  0.93478042   0.93432347
  0.93386388   0.93340165
  0.93293676   0.93246921
  0.93199897   0.93152605
  0.93105042   0.93057208
  0.93009103   0.92960724
  0.92912070   0.92863141
  0.92813936   0.92764453
  0.92714692   0.92664651
  0.92614329   0.92563725
  0.92512838   0.92461667
  0.92410211   0.92358469
  0.92306440   0.92254122
  0.92201514   0.92148616
  0.92095427   0.92041945
  0.91988169   0.91934098
  0.91879731   0.91825067
  0.91770105   0.91714843
  0.91659281   0.91603418
  0.91547253   0.91490784
  0.91434010   0.91376930
  0.91319544   0.91261849
  0.91203846   0.91145532
  0.91086907   0.91027970
  0.90968720   0.90909155
  0.90849275   0.90789078
  0.90728563   0.90667730
  0.90606577   0.90545103
  0.90483306   0.90421187
  0.90358744   0.90295975
  0.90232880   0.90169457
  0.90105706   0.90041626
  0.89977215   0.89912472
  0.89847396   0.89781987
  0.89716242   0.89650162
  0.89583744   0.89516988
  0.89449894   0.89382458
  0.89314682   0.89246563
  0.89178101   0.89109294
  0.89040142   0.88970643
  0.88900796   0.88830601
  0.88760055   0.88689159
  0.88617911   0.88546310
  0.88474356   0.88402046
  0.88329380   0.88256357
  0.88182975   0.88109235
  0.88035134   0.87960673
  0.87885848   0.87810661
  0.87735109   0.87659192
  0.87582908   0.87506258
  0.87429238   0.87351849
  0.87274090   0.87195960
  0.87117456   0.87038580
  0.86959329   0.86879702
  0.86799699   0.86719319
  0.86638560   0.86557421
  0.86475903   0.86394002
  0.86311720   0.86229054
  0.86146003   0.86062568
  0.85978746   0.85894536
  0.85809939   0.85724952
  0.85639576   0.85553808
  0.85467648   0.85381095
  0.85294148   0.85206806
  0.85119069   0.85030935
  0.84942403   0.84853472
  0.84764142   0.84674412
  0.84584280   0.84493746
  0.84402809   0.84311467
  0.84219721   0.84127569
  0.84035010   0.83942043
  0.83848668   0.83754884
  0.83660689   0.83566083
  0.83471065   0.83375634
  0.83279789   0.83183530
  0.83086856   0.82989765
  0.82892256   0.82794330
  0.82695986   0.82597221
  0.82498036   0.82398430
  0.82298402   0.82197951
  0.82097076   0.81995776
  0.81894052   0.81791901
  0.81689324   0.81586318
  0.81482885   0.81379022
  0.81274730   0.81170006
  0.81064851   0.80959264
  0.80853245   0.80746791
  0.80639903   0.80532580
  0.80424821   0.80316626
  0.80207993   0.80098922
  0.79989413   0.79879464
  0.79769076   0.79658246
  0.79546976   0.79435263
  0.79323107   0.79210509
  0.79097466   0.78983978
  0.78870045   0.78755667
  0.78640841   0.78525569
  0.78409849   0.78293680
  0.78177062   0.78059995
  0.77942478   0.77824510
  0.77706091   0.77587219
  0.77467896   0.77348119
  0.77227889   0.77107205
  0.76986066   0.76864472
  0.76742422   0.76619917
  0.76496954   0.76373535
  0.76249658   0.76125322
  0.76000528   0.75875275
  0.75749563   0.75623390
  0.75496758   0.75369664
  0.75242109   0.75114092
  0.74985613   0.74856671
  0.74727267   0.74597399
  0.74467068   0.74336272
  0.74205012   0.74073287
  0.73941097   0.73808441
  0.73675319   0.73541731
  0.73407677   0.73273156
  0.73138167   0.73002711
  0.72866788   0.72730396
  0.72593536   0.72456208
  0.72318410   0.72180144
  0.72041408   0.71902202
  0.71762527   0.71622382
  0.71481767   0.71340681
  0.71199124   0.71057097
  0.70914599   0.70771629
  0.70628189   0.70484277
  0.70339893   0.70195038
  0.70049710   0.69903911
  0.69757640   0.69610897
  0.69463681   0.69315993
  0.69167833   0.69019200
  0.68870095   0.68720518
  0.68570467   0.68419945
  0.68268949   0.68117481
  0.67965541   0.67813127
  0.67660242   0.67506883
  0.67353053   0.67198750
  0.67043974   0.66888726
  0.66733006   0.66576814
  0.66420150   0.66263014
  0.66105406   0.65947326
  0.65788775   0.65629752
  0.65470258   0.65310293
  0.65149858   0.64988951
  0.64827574   0.64665727
  0.64503409   0.64340622
  0.64177365   0.64013639
  0.63849443   0.63684779
  0.63519646   0.63354044
  0.63187975   0.63021438
  0.62854433   0.62686962
  0.62519023   0.62350619
  0.62181748   0.62012411
  0.61842609   0.61672343
  0.61501611   0.61330416
  0.61158757   0.60986634
  0.60814049   0.60641001
  0.60467491   0.60293520
  0.60119088   0.59944195
  0.59768842   0.59593030
  0.59416759   0.59240029
  0.59062841   0.58885196
  0.58707094   0.58528535
  0.58349521   0.58170052
  0.57990129   0.57809751
  0.57628920   0.57447637
  0.57265901   0.57083715
  0.56901077   0.56717990
  0.56534453   0.56350467
  0.56166034   0.55981153
  0.55795826   0.55610054
  0.55423836   0.55237174
  0.55050068   0.54862520
  0.54674530   0.54486098
  0.54297227   0.54107915
  0.53918166   0.53727978
  0.53537354   0.53346293
  0.53154797   0.52962867
  0.52770503   0.52577707
  0.52384479   0.52190820
  0.51996732   0.51802215
  0.51607270   0.51411898
  0.51216100   0.51019877
  0.50823230   0.50626160
  0.50428668   0.50230756
  0.50032424   0.49833672
  0.49634503   0.49434918
  0.49234917   0.49034501
  0.48833672   0.48632430
  0.48430778   0.48228715
  0.48026244   0.47823365
  0.47620079   0.47416388
  0.47212293   0.47007794
  0.46802894   0.46597593
  0.46391893   0.46185795
  0.45979300   0.45772410
  0.45565124   0.45357446
  0.45149376   0.44940916
  0.44732066   0.44522829
  0.44313205   0.44103196
  0.43892803   0.43682027
  0.43470870   0.43259334
  0.43047419   0.42835127
  0.42622460   0.42409418
  0.42196004   0.41982218
  0.41768063   0.41553539
  0.41338648   0.41123392
  0.40907772   0.40691789
  0.40475445   0.40258742
  0.40041681   0.39824263
  0.39606491   0.39388365
  0.39169888   0.38951060
  0.38731884   0.38512361
  0.38292492   0.38072280
  0.37851725   0.37630830
  0.37409596   0.37188024
  0.36966117   0.36743876
  0.36521303   0.36298399
  0.36075166   0.35851605
  0.35627720   0.35403510
  0.35178979   0.34954127
  0.34728956   0.34503468
  0.34277666   0.34051550
  0.33825122   0.33598385
  0.33371340   0.33143988
  0.32916333   0.32688374
  0.32460115   0.32231557
  0.32002702   0.31773552
  0.31544108   0.31314373
  0.31084348   0.30854036
  0.30623438   0.30392556
  0.30161392   0.29929947
  0.29698225   0.29466226
  0.29233953   0.29001408
  0.28768592   0.28535508
  0.28302158   0.28068543
  0.27834665   0.27600527
  0.27366130   0.27131477
  0.26896569   0.26661409
  0.26425999   0.26190340
  0.25954434   0.25718285
  0.25481893   0.25245261
  0.25008390   0.24771284
  0.24533944   0.24296371
  0.24058569   0.23820540
  0.23582284   0.23343806
  0.23105106   0.22866186
  0.22627050   0.22387698
  0.22148134   0.21908359
  0.21668376   0.21428187
  0.21187793   0.20947197
  0.20706401   0.20465408
  0.20224220   0.19982838
  0.19741265   0.19499504
  0.19257555   0.19015423
  0.18773108   0.18530613
  0.18287941   0.18045093
  0.17802073   0.17558881
  0.17315520   0.17071993
  0.16828302   0.16584449
  0.16340437   0.16096267
  0.15851942   0.15607464
  0.15362836   0.15118060
  0.14873138   0.14628072
  0.14382865   0.14137519
  0.13892037   0.13646420
  0.13400671   0.13154793
  0.12908787   0.12662657
  0.12416403   0.12170030
  0.11923538   0.11676931
  0.11430211   0.11183380
  0.10936441   0.10689395
  0.10442246   0.10194995
  0.09947645   0.09700198
  0.09452658   0.09205025
  0.08957303   0.08709494
  0.08461600   0.08213624
  0.07965567   0.07717434
  0.07469225   0.07220943
  0.06972591   0.06724172
  0.06475686   0.06227138
  0.05978529   0.05729861
  0.05481138   0.05232362
  0.04983534   0.04734657
  0.04485735   0.04236769
  0.03987761   0.03738715
  0.03489632   0.03240515
  0.02991366   0.02742188
  0.02492983   0.02243755
  0.01994504   0.01745233
  0.01495946   0.01246644
  0.00997330   0.00748006
  0.00498675   0.00249339
  0.00000000 