0.723606797749979        23.3394338710714       0.861803398874989     
  0.276393202250021        23.3394339405342       0.861803398874989     
  0.723606797749979        23.3394338346116       0.414589803375031     
  0.276393202250021        21.9418919699824       0.861803398874989     
  0.861803398874989        22.9075692450897       0.861803398874989     
  0.861803398874989        22.9075691909463       0.414589803375031     
  0.861803398874989        21.5100262746880       0.861803398874989     
  0.414589803375031        21.5100275301392       0.861803398874989     
  0.861803398874989        21.0781621683995       0.723606797749979     
  0.861803398874989        21.0781620706605       0.276393202250021     
  0.414589803375031        21.0781634238507       0.723606797749979     
  0.861803398874989        22.4757045561744       0.276393202250021     
  0.276393202250021        19.3507153855667       0.861803398874989     
  0.276393202250021        17.9531903449262       0.861803398874989     
  0.723606797749979        17.9531810688221       0.414589803375031     
  0.723606797749979        17.9531859707862       0.861803398874989     
  0.861803398874989        20.2144355083581       0.723606797749979     
  0.414589803375031        20.2144370484206       0.723606797749979     
  0.861803398874989        20.2144343960977       0.276393202250021     
  0.861803398874989        18.8168955241280       0.276393202250021     
  0.861803398874989        19.7825735496952       0.861803398874989     
  0.861803398874989        18.3850363562580       0.414589803375031     
  0.861803398874989        18.3850391731472       0.861803398874989     
  0.414589803375031        19.7825759013469       0.861803398874989     
  0.276393202250021        16.2258151063063       0.861803398874989     
  0.276393202250021        14.8284235172351       0.861803398874989     
  0.723606797749979        14.8283575057053       0.414589803375031     
  0.723606797749979        14.8283965357445       0.861803398874989     
  0.861803398874989        17.0894777830273       0.723606797749979     
  0.414589803375031        17.0894839921512       0.723606797749979     
  0.861803398874989        17.0894670106713       0.276393202250021     
  0.861803398874989        15.6919617460820       0.276393202250021     
  0.861803398874989        16.6576370061014       0.861803398874989     
  0.861803398874989        15.2601431474290       0.414589803375031     
  0.861803398874989        15.2601691562790       0.861803398874989     
  0.414589803375031        16.6576486852235       0.861803398874989     
  0.276393202250021        13.1016878035932       0.861803398874989     
  0.276393202250021        11.7053556325668       0.861803398874989     
  0.723606797749979        11.7048470563549       0.414589803375031     
  0.723606797749979        11.7051325156059       0.861803398874989     
  0.861803398874989        13.9648554584629       0.723606797749979     
  0.414589803375031        13.9648955282907       0.723606797749979     
  0.861803398874989        13.9647748136099       0.276393202250021     
  0.861803398874989        12.5675644191110       0.276393202250021     
  0.861803398874989        13.5331979260315       0.861803398874989     
  0.861803398874989        12.1360736362456       0.414589803375031     
  0.861803398874989        12.1362920573689       0.861803398874989     
  0.414589803375031        13.5332827187219       0.861803398874989     
  0.276393202250021        9.98264346285934       0.861803398874989     
  0.276393202250021        8.59236994057897       0.861803398874989     
  0.723606797749979        8.58968767522944       0.414589803375031     
  0.723606797749979        8.59121288522444       0.861803398874989     
  0.861803398874989        10.8428336921580       0.723606797749979     
  0.414589803375031        10.8431030531946       0.723606797749979     
  0.861803398874989        10.8423227922770       0.276393202250021     
  0.861803398874989        9.44730653333273       0.276393202250021     
  0.861803398874989        10.4124156429787       0.861803398874989     
  0.861803398874989        9.01769433341851       0.414589803375031     
  0.861803398874989        9.01908178058249       0.861803398874989     
  0.414589803375031        10.4128490785322       0.861803398874989     
  0.276393202250021        6.89273307678152       0.861803398874989     
  0.276393202250021        5.53332580751292       0.861803398874989     
  0.723606797749979        5.52167308462628       0.414589803375031     
  0.723606797749979        5.52789540728080       0.861803398874989     
  0.861803398874989        7.73657036592632       0.723606797749979     
  0.414589803375031        7.73796815981073       0.723606797749979     
  0.861803398874989        7.73431822041956       0.276393202250021     
  0.861803398874989        6.35296870328321       0.276393202250021     
  0.861803398874989        7.31293451023617       0.861803398874989     
  0.861803398874989        5.93295244138258       0.414589803375031     
  0.861803398874989        5.93956118453176       0.861803398874989     
  0.414589803375031        7.31527823417825       0.861803398874989     
  0.276393202250021        3.92272738761490       0.861803398874989     
  0.276393202250021        2.65640436278441       0.861803398874989     
  0.723606797749979        2.63794942323509       0.414589803375031     
  0.723606797749979        2.64879881879354       0.861803398874989     
  0.861803398874989        4.71423526125202       0.723606797749979     
  0.414589803375031        4.71967278462985       0.723606797749979     
  0.861803398874989        4.70945379660127       0.276393202250021     
  0.861803398874989        3.40446145195066       0.276393202250021     
  0.861803398874989        4.31461750692894       0.861803398874989     
  0.861803398874989        3.00655707354171       0.414589803375031     
  0.861803398874989        3.01873176238089       0.861803398874989     
  0.414589803375031        4.32027703229985       0.861803398874989     
  0.723606797749979        1.67332129542448       0.861803398874989     
  0.276393202250021       0.640537505911320       0.861803398874989     
  0.276393202250021        1.68072887992113       0.861803398874989     
  0.723606797749979       0.640537505911321       0.414589803375031     
  0.861803398874989       0.319487336279963       0.861803398874989     
  0.414589803375031       0.319487336279963       0.861803398874989     
  0.861803398874989        1.35337007443226       0.861803398874989     
  0.861803398874989       0.319487336279963       0.414589803375031     
  0.861803398874989        1.99154792951667       0.723606797749979     
  0.414589803375031        1.99910120764869       0.723606797749979     
  0.861803398874989        1.98175654857476       0.276393202250021     
  0.861803398874989       0.957769623046223       0.276393202250021     
  0.723606797749979        22.4757048573159       0.138196601125011     
  0.723606797749979        21.0781623718021       0.138196601125011     
  0.276393202250021        21.0781637249922       0.585410196624969     
  0.276393202250021        21.0781634440556       0.138196601125011     
  0.138196601125011        23.3394337426796       0.276393202250021     
  0.585410196624969        23.3394337896971       0.276393202250021     
  0.138196601125011        23.3394339177357       0.723606797749979     
  0.138196601125011        21.9418919250681       0.723606797749979     
  0.138196601125011        22.9075693962477       0.138196601125011     
  0.138196601125011        21.5100277868907       0.585410196624969     
  0.138196601125011        21.5100275059541       0.138196601125011     
  0.585410196624969        22.9075694476974       0.138196601125011     
  0.276393202250021        20.2144375157646       0.138196601125011     
  0.723606797749979        20.2144346972393       0.138196601125011     
  0.276393202250021        20.2144381611539       0.585410196624969     
  0.723606797749979        18.8168962724104       0.138196601125011     
  0.138196601125011        19.3507127776343       0.138196601125011     
  0.138196601125011        17.9531873429473       0.138196601125011     
  0.585410196624969        17.9531800629602       0.138196601125011     
  0.138196601125011        17.9531911741887       0.585410196624969     
  0.138196601125011        19.7825785096319       0.723606797749979     
  0.585410196624969        18.3850380078589       0.276393202250021     
  0.138196601125011        18.3850451989141       0.723606797749979     
  0.138196601125011        19.7825769075696       0.276393202250021     
  0.276393202250021        17.0894827951807       0.138196601125011     
  0.723606797749979        17.0894671784286       0.138196601125011     
  0.276393202250021        17.0894896300765       0.585410196624969     
  0.723606797749979        15.6919643805694       0.138196601125011     
  0.138196601125011        16.2257864342357       0.138196601125011     
  0.138196601125011        14.8283879785991       0.138196601125011     
  0.585410196624969        14.8283441245163       0.138196601125011     
  0.138196601125011        14.8284232345625       0.585410196624969     
  0.138196601125011        16.6576640088160       0.723606797749979     
  0.585410196624969        15.2601500150564       0.276393202250021     
  0.138196601125011        15.2602030069731       0.723606797749979     
  0.138196601125011        16.6576487186839       0.276393202250021     
  0.276393202250021        13.9648885179082       0.138196601125011     
  0.723606797749979        13.9647722560687       0.138196601125011     
  0.276393202250021        13.9649377072744       0.585410196624969     
  0.723606797749979        12.5675926737842       0.138196601125011     
  0.138196601125011        13.1015040081600       0.138196601125011     
  0.138196601125011        11.7050541801414       0.138196601125011     
  0.585410196624969        11.7047586206601       0.138196601125011     
  0.138196601125011        11.7053137494433       0.585410196624969     
  0.138196601125011        13.5334084420148       0.723606797749979     
  0.585410196624969        12.1361531872509       0.276393202250021     
  0.138196601125011        12.1365948157883       0.723606797749979     
  0.138196601125011        13.5333131336542       0.276393202250021     
  0.276393202250021        10.8429147575183       0.138196601125011     
  0.723606797749979        10.8423115099376       0.138196601125011     
  0.276393202250021        10.8432562335285       0.585410196624969     
  0.723606797749979        9.44737827753416       0.138196601125011     
  0.138196601125011        9.98163926056840       0.138196601125011     
  0.138196601125011        8.59095608415309       0.138196601125011     
  0.585410196624969        8.58927695445179       0.138196601125011     
  0.138196601125011        8.59221156327722       0.585410196624969     
  0.138196601125011        10.4134582438562       0.723606797749979     
  0.585410196624969        9.01805047221445       0.276393202250021     
  0.138196601125011        9.02059744688701       0.723606797749979     
  0.138196601125011        10.4128653912305       0.276393202250021     
  0.276393202250021        7.73774763347356       0.138196601125011     
  0.723606797749979        7.73428739148017       0.138196601125011     
  0.276393202250021        7.73889782843293       0.585410196624969     
  0.723606797749979        6.35399072520109       0.138196601125011     
  0.138196601125011        6.89136033389692       0.138196601125011     
  0.138196601125011        5.52969862616994       0.138196601125011     
  0.585410196624969        5.52139517329720       0.138196601125011     
  0.138196601125011        5.53305756076968       0.585410196624969     
  0.138196601125011        7.31826399372562       0.723606797749979     
  0.585410196624969        5.93599804734244       0.276393202250021     
  0.138196601125011        5.94806854690668       0.723606797749979     
  0.138196601125011        7.31720411007150       0.276393202250021     
  0.276393202250021        4.71702774257861       0.138196601125011     
  0.723606797749979        4.71009437436578       0.138196601125011     
  0.276393202250021        4.72056096651309       0.585410196624969     
  0.723606797749979        3.40522409210196       0.138196601125011     
  0.138196601125011        3.91671217820152       0.138196601125011     
  0.138196601125011        2.64553913763913       0.138196601125011     
  0.585410196624969        2.63632300396231       0.138196601125011     
  0.138196601125011        2.65479983245645       0.585410196624969     
  0.138196601125011        4.32429217167264       0.723606797749979     
  0.585410196624969        3.00992787849439       0.276393202250021     
  0.138196601125011        3.03014309806481       0.723606797749979     
  0.138196601125011        4.32025438667314       0.276393202250021     
  0.138196601125011        1.98897530086019       0.138196601125011     
  0.585410196624969        1.97992735918976       0.138196601125011     
  0.138196601125011        1.99750741498050       0.585410196624969     
  0.138196601125011       0.956808107832259       0.138196601125011     
  0.723606797749979        1.66225228246026       0.138196601125011     
  0.723606797749979       0.638265356931728       0.138196601125011     
  0.276393202250021        1.67969598145083       0.585410196624969     
  0.276393202250021       0.638265356931728       0.138196601125011     
  0.138196601125011       0.321436811971258       0.276393202250021     
  0.138196601125011       0.321436811971258       0.723606797749979     
  0.585410196624969       0.321436811971258       0.276393202250021     
  0.138196601125011        1.36162818598107       0.723606797749979     