  0.723606797749979        22.9086922198037       0.861803398874989     
  0.276393202250021        22.9086990060297       0.861803398874989     
  0.723606797749979        22.9086360531675       0.414589803375031     
  0.276393202250021        20.1147599341777       0.861803398874989     
  0.861803398874989        22.0452908236136       0.861803398874989     
  0.861803398874989        22.0452255335224       0.414589803375031     
  0.861803398874989        19.2512582197523       0.861803398874989     
  0.414589803375031        19.2513494700900       0.861803398874989     
  0.861803398874989        18.3878354385585       0.723606797749979     
  0.861803398874989        18.3874602899859       0.276393202250021     
  0.414589803375031        18.3879265897680       0.723606797749979     
  0.861803398874989        21.1816273836566       0.276393202250021     
  0.276393202250021        14.9469033268006       0.861803398874989     
  0.276393202250021        12.1669770076178       0.861803398874989     
  0.723606797749979        12.1599286488095       0.414589803375031     
  0.723606797749979        12.1645169854261       0.861803398874989     
  0.861803398874989        16.6645249012897       0.723606797749979     
  0.414589803375031        16.6646158383347       0.723606797749979     
  0.861803398874989        16.6640532194335       0.276393202250021     
  0.861803398874989        13.8763694681398       0.276393202250021     
  0.861803398874989        15.8055089204061       0.861803398874989     
  0.861803398874989        13.0174272926781       0.414589803375031     
  0.861803398874989        13.0220445613758       0.861803398874989     
  0.414589803375031        15.8056779000366       0.861803398874989     
  0.276393202250021        8.80874267216597       0.861803398874989     
  0.276393202250021        6.10592026400887       0.861803398874989     
  0.723606797749979        6.08673074880278       0.414589803375031     
  0.723606797749979        6.09980755894760       0.861803398874989     
  0.861803398874989        10.4767468131339       0.723606797749979     
  0.414589803375031        10.4792018235709       0.723606797749979     
  0.861803398874989        10.4723990770167       0.276393202250021     
  0.861803398874989        7.75550783403151       0.276393202250021     
  0.861803398874989        9.64037729304832       0.861803398874989     
  0.861803398874989        6.91913773093810       0.414589803375031     
  0.861803398874989        6.93252425629060       0.861803398874989     
  0.414589803375031        9.64283639943111       0.861803398874989     
  0.723606797749979        3.85359813033805       0.861803398874989     
  0.276393202250021        1.47306686932118       0.861803398874989     
  0.276393202250021        3.85948013283044       0.861803398874989     
  0.723606797749979        1.47306686932118       0.414589803375031     
  0.861803398874989       0.735780029008004       0.861803398874989     
  0.414589803375031       0.735780029008004       0.861803398874989     
  0.861803398874989        3.11681421936467       0.861803398874989     
  0.861803398874989       0.735780029008004       0.414589803375031     
  0.861803398874989        4.58647424377117       0.723606797749979     
  0.414589803375031        4.59235529732632       0.723606797749979     
  0.861803398874989        4.57480028669800       0.276393202250021     
  0.861803398874989        2.20549709807841       0.276393202250021     
  0.723606797749979        21.1815246312533       0.138196601125011     
  0.723606797749979        18.3873576022233       0.138196601125011     
  0.276393202250021        18.3878239020054       0.585410196624969     
  0.276393202250021        18.3874004462158       0.138196601125011     
  0.138196601125011        22.9085783121634       0.276393202250021     
  0.585410196624969        22.9085989806422       0.276393202250021     
  0.138196601125011        22.9086752627172       0.723606797749979     
  0.138196601125011        20.1147229287191       0.723606797749979     
  0.138196601125011        22.0449934317350       0.138196601125011     
  0.138196601125011        19.2511422429833       0.585410196624969     
  0.138196601125011        19.2507184753642       0.138196601125011     
  0.585410196624969        22.0450182919865       0.138196601125011     
  0.276393202250021        16.6641700480739       0.138196601125011     
  0.723606797749979        16.6639505406124       0.138196601125011     
  0.276393202250021        16.6645929919253       0.585410196624969     
  0.723606797749979        13.8763443079034       0.138196601125011     
  0.138196601125011        14.9434852109323       0.138196601125011     
  0.138196601125011        12.1574178094059       0.138196601125011     
  0.585410196624969        12.1570528804556       0.138196601125011     
  0.138196601125011        12.1641041876215       0.585410196624969     
  0.138196601125011        15.8069632010065       0.723606797749979     
  0.585410196624969        13.0186179157767       0.276393202250021     
  0.138196601125011        13.0257120404683       0.723606797749979     
  0.138196601125011        15.8064430700083       0.276393202250021     
  0.276393202250021        10.4712459843200       0.138196601125011     
  0.723606797749979        10.4711007896198       0.138196601125011     
  0.276393202250021        10.4779078433187       0.585410196624969     
  0.723606797749979        7.75420933266823       0.138196601125011     
  0.138196601125011        8.80063134280335       0.138196601125011     
  0.138196601125011        6.09525950522960       0.138196601125011     
  0.585410196624969        6.08519094258780       0.138196601125011     
  0.138196601125011        6.10435300097475       0.585410196624969     
  0.138196601125011        9.64423618209418       0.723606797749979     
  0.585410196624969        6.92054981679757       0.276393202250021     
  0.138196601125011        6.94012620016432       0.723606797749979     
  0.138196601125011        9.63768186853739       0.276393202250021     
  0.138196601125011        4.58258158839016       0.138196601125011     
  0.585410196624969        4.57312402654119       0.138196601125011     
  0.138196601125011        4.59072815426891       0.585410196624969     
  0.138196601125011        2.20434315642460       0.138196601125011     
  0.723606797749979        3.83903788546058       0.138196601125011     
  0.723606797749979        1.46973469684099       0.138196601125011     
  0.276393202250021        3.85659289608890       0.585410196624969     
  0.276393202250021        1.46973469684099       0.138196601125011     
  0.138196601125011       0.737442254026142       0.276393202250021     
  0.138196601125011       0.737442254026142       0.723606797749979     
  0.585410196624969       0.737442254026142       0.276393202250021     
  0.138196601125011        3.12385551753541       0.723606797749979   