 0.723606797749979        23.6633314161504       0.861803398874989     
  0.276393202250021        23.6633314161504       0.861803398874989     
  0.723606797749979        23.6633314161504       0.414589803375031     
  0.276393202250021        23.3139458295487       0.861803398874989     
  0.861803398874989        23.5553649868093       0.861803398874989     
  0.861803398874989        23.5553649868093       0.414589803375031     
  0.861803398874989        23.2059782821737       0.861803398874989     
  0.414589803375031        23.2059794002077       0.861803398874989     
  0.861803398874989        23.0980118528326       0.723606797749979     
  0.861803398874989        23.0980118528326       0.276393202250021     
  0.414589803375031        23.0980129708666       0.723606797749979     
  0.861803398874989        23.4473985574683       0.276393202250021     
  0.276393202250021        22.6661486354683       0.861803398874989     
  0.276393202250021        22.3167630488666       0.861803398874989     
  0.723606797749979        22.3167619308326       0.414589803375031     
  0.723606797749979        22.3167619308326       0.861803398874989     
  0.861803398874989        22.8820793396419       0.723606797749979     
  0.414589803375031        22.8820804576759       0.723606797749979     
  0.861803398874989        22.8820793396419       0.276393202250021     
  0.861803398874989        22.5326937530402       0.276393202250021     
  0.861803398874989        22.7741132557923       0.861803398874989     
  0.861803398874989        22.4247276691907       0.414589803375031     
  0.861803398874989        22.4247276691907       0.861803398874989     
  0.414589803375031        22.7741143738263       0.861803398874989     
  0.276393202250021        21.8848987134683       0.861803398874989     
  0.276393202250021        21.5355131268666       0.861803398874989     
  0.723606797749979        21.5355120088326       0.414589803375031     
  0.723606797749979        21.5355120088326       0.861803398874989     
  0.861803398874989        22.1008294176419       0.723606797749979     
  0.414589803375031        22.1008305356759       0.723606797749979     
  0.861803398874989        22.1008294176419       0.276393202250021     
  0.861803398874989        21.7514438310402       0.276393202250021     
  0.861803398874989        21.9928633337923       0.861803398874989     
  0.861803398874989        21.6434777471907       0.414589803375031     
  0.861803398874989        21.6434777471907       0.861803398874989     
  0.414589803375031        21.9928644518263       0.861803398874989     
  0.276393202250021        21.1036487917446       0.861803398874989     
  0.276393202250021        20.7542632051430       0.861803398874989     
  0.723606797749979        20.7542620875562       0.414589803375031     
  0.723606797749979        20.7542620875562       0.861803398874989     
  0.861803398874989        21.3195794957801       0.723606797749979     
  0.414589803375031        21.3195806138141       0.723606797749979     
  0.861803398874989        21.3195794957801       0.276393202250021     
  0.861803398874989        20.9701939096256       0.276393202250021     
  0.861803398874989        21.2116134120687       0.861803398874989     
  0.861803398874989        20.8622278259143       0.414589803375031     
  0.861803398874989        20.8622278259143       0.861803398874989     
  0.414589803375031        21.2116145301027       0.861803398874989     
  0.276393202250021        20.3223988698828       0.861803398874989     
  0.276393202250021        19.9730132837284       0.861803398874989     
  0.723606797749979        19.9730121656944       0.414589803375031     
  0.723606797749979        19.9730121656944       0.861803398874989     
  0.861803398874989        20.5383295745037       0.723606797749979     
  0.414589803375031        20.5383306920905       0.723606797749979     
  0.861803398874989        20.5383295745037       0.276393202250021     
  0.861803398874989        20.1889439879020       0.276393202250021     
  0.861803398874989        20.4303634906541       0.861803398874989     
  0.861803398874989        20.0809779040525       0.414589803375031     
  0.861803398874989        20.0809779040525       0.861803398874989     
  0.414589803375031        20.4303646082409       0.861803398874989     
  0.276393202250021        19.5411489484683       0.861803398874989     
  0.276393202250021        19.1917633618666       0.861803398874989     
  0.723606797749979        19.1917622438326       0.414589803375031     
  0.723606797749979        19.1917622438326       0.861803398874989     
  0.861803398874989        19.7570796526419       0.723606797749979     
  0.414589803375031        19.7570807706759       0.723606797749979     
  0.861803398874989        19.7570796526419       0.276393202250021     
  0.861803398874989        19.4076940660402       0.276393202250021     
  0.861803398874989        19.6491135687923       0.861803398874989     
  0.861803398874989        19.2997279821907       0.414589803375031     
  0.861803398874989        19.2997279821907       0.861803398874989     
  0.414589803375031        19.6491146868263       0.861803398874989     
  0.276393202250021        18.7598990264683       0.861803398874989     
  0.276393202250021        18.4105134398666       0.861803398874989     
  0.723606797749979        18.4105123218326       0.414589803375031     
  0.723606797749979        18.4105123218326       0.861803398874989     
  0.861803398874989        18.9758297306419       0.723606797749979     
  0.414589803375031        18.9758308486759       0.723606797749979     
  0.861803398874989        18.9758297306419       0.276393202250021     
  0.861803398874989        18.6264441440402       0.276393202250021     
  0.861803398874989        18.8678636467923       0.861803398874989     
  0.861803398874989        18.5184780601907       0.414589803375031     
  0.861803398874989        18.5184780601907       0.861803398874989     
  0.414589803375031        18.8678647648263       0.861803398874989     
  0.276393202250021        17.9786491044683       0.861803398874989     
  0.276393202250021        17.6292635178666       0.861803398874989     
  0.723606797749979        17.6292623998326       0.414589803375031     
  0.723606797749979        17.6292623998326       0.861803398874989     
  0.861803398874989        18.1945798086419       0.723606797749979     
  0.414589803375031        18.1945809266759       0.723606797749979     
  0.861803398874989        18.1945798086419       0.276393202250021     
  0.861803398874989        17.8451942220402       0.276393202250021     
  0.861803398874989        18.0866137247923       0.861803398874989     
  0.861803398874989        17.7372281381907       0.414589803375031     
  0.861803398874989        17.7372281381907       0.861803398874989     
  0.414589803375031        18.0866148428263       0.861803398874989     
  0.276393202250021        17.1973991824683       0.861803398874989     
  0.276393202250021        16.8480135958666       0.861803398874989     
  0.723606797749979        16.8480124778326       0.414589803375031     
  0.723606797749979        16.8480124778326       0.861803398874989     
  0.861803398874989        17.4133298866419       0.723606797749979     
  0.414589803375031        17.4133310046759       0.723606797749979     
  0.861803398874989        17.4133298866419       0.276393202250021     
  0.861803398874989        17.0639443000402       0.276393202250021     
  0.861803398874989        17.3053638027923       0.861803398874989     
  0.861803398874989        16.9559782161907       0.414589803375031     
  0.861803398874989        16.9559782161907       0.861803398874989     
  0.414589803375031        17.3053649208263       0.861803398874989     
  0.276393202250021        16.4161492604683       0.861803398874989     
  0.276393202250021        16.0667636738666       0.861803398874989     
  0.723606797749979        16.0667625558326       0.414589803375031     
  0.723606797749979        16.0667625558326       0.861803398874989     
  0.861803398874989        16.6320799646419       0.723606797749979     
  0.414589803375031        16.6320810826759       0.723606797749979     
  0.861803398874989        16.6320799646419       0.276393202250021     
  0.861803398874989        16.2826943780402       0.276393202250021     
  0.861803398874989        16.5241138807923       0.861803398874989     
  0.861803398874989        16.1747282941907       0.414589803375031     
  0.861803398874989        16.1747282941907       0.861803398874989     
  0.414589803375031        16.5241149988263       0.861803398874989     
  0.276393202250021        15.6348993384683       0.861803398874989     
  0.276393202250021        15.2855137518667       0.861803398874989     
  0.723606797749979        15.2855126338326       0.414589803375031     
  0.723606797749979        15.2855126338327       0.861803398874989     
  0.861803398874989        15.8508300426419       0.723606797749979     
  0.414589803375031        15.8508311606759       0.723606797749979     
  0.861803398874989        15.8508300426419       0.276393202250021     
  0.861803398874989        15.5014444560403       0.276393202250021     
  0.861803398874989        15.7428639587924       0.861803398874989     
  0.861803398874989        15.3934783721907       0.414589803375031     
  0.861803398874989        15.3934783721907       0.861803398874989     
  0.414589803375031        15.7428650768264       0.861803398874989     
  0.276393202250021        14.8536494167450       0.861803398874989     
  0.276393202250021        14.5042638301441       0.861803398874989     
  0.723606797749979        14.5042627125569       0.414589803375031     
  0.723606797749979        14.5042627125572       0.861803398874989     
  0.861803398874989        15.0695801207803       0.723606797749979     
  0.414589803375031        15.0695812388143       0.723606797749979     
  0.861803398874989        15.0695801207802       0.276393202250021     
  0.861803398874989        14.7201945346260       0.276393202250021     
  0.861803398874989        14.9616140370689       0.861803398874989     
  0.861803398874989        14.6122284509147       0.414589803375031     
  0.861803398874989        14.6122284509149       0.861803398874989     
  0.414589803375031        14.9616151551030       0.861803398874989     
  0.276393202250021        14.0723994948864       0.861803398874989     
  0.276393202250021        13.7230139087391       0.861803398874989     
  0.723606797749979        13.7230127907010       0.414589803375031     
  0.723606797749979        13.7230127907033       0.861803398874989     
  0.861803398874989        14.2883301995052       0.723606797749979     
  0.414589803375031        14.2883313170924       0.723606797749979     
  0.861803398874989        14.2883301995048       0.276393202250021     
  0.861803398874989        13.9389446129049       0.276393202250021     
  0.861803398874989        14.1803641156562       0.861803398874989     
  0.861803398874989        13.8309785290570       0.414589803375031     
  0.861803398874989        13.8309785290583       0.861803398874989     
  0.414589803375031        14.1803652332436       0.861803398874989     
  0.276393202250021        13.2911495735002       0.861803398874989     
  0.276393202250021        12.9417639869586       0.861803398874989     
  0.723606797749979        12.9417628688902       0.414589803375031     
  0.723606797749979        12.9417628689102       0.861803398874989     
  0.861803398874989        13.5070802776555       0.723606797749979     
  0.414589803375031        13.5070813956928       0.723606797749979     
  0.861803398874989        13.5070802776517       0.276393202250021     
  0.861803398874989        13.1576946910656       0.276393202250021     
  0.861803398874989        13.3991141938110       0.861803398874989     
  0.861803398874989        13.0497286072308       0.414589803375031     
  0.861803398874989        13.0497286072414       0.861803398874989     
  0.414589803375031        13.3991153118502       0.861803398874989     
  0.276393202250021        12.5098996517387       0.861803398874989     
  0.276393202250021        12.1605140656125       0.861803398874989     
  0.723606797749979        12.1605129473088       0.414589803375031     
  0.723606797749979        12.1605129474657       0.861803398874989     
  0.861803398874989        12.7258303557591       0.723606797749979     
  0.414589803375031        12.7258314738200       0.723606797749979     
  0.861803398874989        12.7258303557275       0.276393202250021     
  0.861803398874989        12.3764447692543       0.276393202250021     
  0.861803398874989        12.6178642719533       0.861803398874989     
  0.861803398874989        12.2684786855245       0.414589803375031     
  0.861803398874989        12.2684786856096       0.861803398874989     
  0.414589803375031        12.6178653900299       0.861803398874989     
  0.276393202250021        11.7286497316213       0.861803398874989     
  0.276393202250021        11.3792641485398       0.861803398874989     
  0.723606797749979        11.3792630285251       0.414589803375031     
  0.723606797749979        11.3792630296750       0.861803398874989     
  0.861803398874989        11.9445804345928       0.723606797749979     
  0.414589803375031        11.9445815528330       0.723606797749979     
  0.861803398874989        11.9445804343465       0.276393202250021     
  0.861803398874989        11.5951948487375       0.276393202250021     
  0.861803398874989        11.8366143510944       0.861803398874989     
  0.861803398874989        11.4872287657974       0.414589803375031     
  0.861803398874989        11.4872287664388       0.861803398874989     
  0.414589803375031        11.8366154694527       0.861803398874989     
  0.276393202250021        10.9473998235047       0.861803398874989     
  0.276393202250021        10.5980142611920       0.861803398874989     
  0.723606797749979        10.5980131296006       0.414589803375031     
  0.723606797749979        10.5980131374508       0.861803398874989     
  0.861803398874989        11.1633305188744       0.723606797749979     
  0.414589803375031        11.1633316383824       0.723606797749979     
  0.861803398874989        11.1633305170801       0.276393202250021     
  0.861803398874989        10.8139449376559       0.276393202250021     
  0.861803398874989        11.0553644376561       0.861803398874989     
  0.861803398874989        10.7059788602428       0.414589803375031     
  0.861803398874989        10.7059788647607       0.861803398874989     
  0.414589803375031        11.0553655579914       0.861803398874989     
  0.276393202250021        10.1661499967545       0.861803398874989     
  0.276393202250021        9.81676456562117       0.861803398874989     
  0.723606797749979        9.81676336148075       0.414589803375031     
  0.723606797749979        9.81676341116005       0.861803398874989     
  0.861803398874989        10.3820806409891       0.723606797749979     
  0.414589803375031        10.3820817688174       0.723606797749979     
  0.861803398874989        10.3820806288457       0.276393202250021     
  0.861803398874989        10.0326950905851       0.276393202250021     
  0.861803398874989        10.2741145754889       0.861803398874989     
  0.861803398874989        9.92472904900059       0.414589803375031     
  0.861803398874989        9.92472907863111       0.861803398874989     
  0.414589803375031        10.2741157086673       0.861803398874989     
  0.276393202250021        9.38490067948451       0.861803398874989     
  0.276393202250021        9.03551601106663       0.861803398874989     
  0.723606797749979        9.03551438823844       0.414589803375031     
  0.723606797749979        9.03551467816971       0.861803398874989     
  0.861803398874989        9.60083100640552       0.723606797749979     
  0.414589803375031        9.60083218462350       0.723606797749979     
  0.861803398874989        9.60083093043535       0.276393202250021     
  0.861803398874989        9.25144564568466       0.276393202250021     
  0.861803398874989        9.49286504099668       0.861803398874989     
  0.861803398874989        9.14347981789600       0.414589803375031     
  0.861803398874989        9.14347999793498       0.861803398874989     
  0.414589803375031        9.49286625090167       0.861803398874989     
  0.276393202250021        8.60365428934416       0.861803398874989     
  0.276393202250021        8.25427367838586       0.861803398874989     
  0.723606797749979        8.25426984398056       0.414589803375031     
  0.723606797749979        8.25427139601441       0.861803398874989     
  0.861803398874989        8.81958281199656       0.723606797749979     
  0.414589803375031        8.81958427019223       0.723606797749979     
  0.861803398874989        8.81958237528323       0.276393202250021     
  0.861803398874989        8.47019852718194       0.276393202250021     
  0.861803398874989        8.71161743142136       0.861803398874989     
  0.861803398874989        8.36223386608458       0.414589803375031     
  0.861803398874989        8.36223487401133       0.861803398874989     
  0.414589803375031        8.71161906000400       0.861803398874989     
  0.276393202250021        7.82242321313744       0.861803398874989     
  0.276393202250021        7.47306222625859       0.861803398874989     
  0.723606797749979        7.47304776773602       0.414589803375031     
  0.723606797749979        7.47305534966996       0.861803398874989     
  0.861803398874989        8.03834241117942       0.723606797749979     
  0.414589803375031        8.03834528793531       0.723606797749979     
  0.861803398874989        8.03834011891296       0.276393202250021     
  0.861803398874989        7.68896371296121       0.276393202250021     
  0.861803398874989        7.93038013964932       0.861803398874989     
  0.861803398874989        7.58100483258566       0.414589803375031     
  0.861803398874989        7.58100999984419       0.861803398874989     
  0.414589803375031        7.93038384002994       0.861803398874989     
  0.276393202250021        7.04126458082923       0.861803398874989     
  0.276393202250021        6.69198925881366       0.861803398874989     
  0.723606797749979        6.69192877859825       0.414589803375031     
  0.723606797749979        6.69196236051429       0.861803398874989     
  0.861803398874989        7.25714030119456       0.723606797749979     
  0.414589803375031        7.25714969549532       0.723606797749979     
  0.861803398874989        7.25712937828270       0.276393202250021     
  0.861803398874989        6.90778800128134       0.276393202250021     
  0.861803398874989        7.14919294692955       0.861803398874989     
  0.861803398874989        6.79985494229524       0.414589803375031     
  0.861803398874989        6.79987901878533       0.861803398874989     
  0.414589803375031        7.14920588860597       0.861803398874989     
  0.276393202250021        6.26041334331600       0.861803398874989     
  0.276393202250021        5.91147301573950       0.861803398874989     
  0.723606797749979        5.91123457540154       0.414589803375031     
  0.723606797749979        5.91136831359391       0.861803398874989     
  0.861803398874989        6.47610774173990       0.723606797749979     
  0.414589803375031        6.47614407026191       0.723606797749979     
  0.861803398874989        6.47606081609920       0.276393202250021     
  0.861803398874989        6.12686799136325       0.276393202250021     
  0.861803398874989        6.36822438357233       0.861803398874989     
  0.861803398874989        6.01903818061352       0.414589803375031     
  0.861803398874989        6.01913915302985       0.861803398874989     
  0.414589803375031        6.36827419279060       0.861803398874989     
  0.276393202250021        5.48072380423082       0.861803398874989     
  0.276393202250021        5.13294056292435       0.861803398874989     
  0.723606797749979        5.13209593126463       0.414589803375031     
  0.723606797749979        5.13257055007410       0.861803398874989     
  0.861803398874989        5.69574729707582       0.723606797749979     
  0.414589803375031        5.69588292613187       0.723606797749979     
  0.861803398874989        5.69556700837046       0.276393202250021     
  0.861803398874989        5.34693712792202       0.276393202250021     
  0.861803398874989        5.58810743041806       0.861803398874989     
  0.861803398874989        5.23947213897025       0.414589803375031     
  0.861803398874989        5.23984960630265       0.861803398874989     
  0.414589803375031        5.58828775917796       0.861803398874989     
  0.276393202250021        4.70486431891986       0.861803398874989     
  0.276393202250021        4.36054430919353       0.861803398874989     
  0.723606797749979        4.35793092993303       0.414589803375031     
  0.723606797749979        4.35941066037448       0.861803398874989     
  0.861803398874989        4.91773962760830       0.723606797749979     
  0.414589803375031        4.91819390426985       0.723606797749979     
  0.861803398874989        4.91712605641180       0.276393202250021     
  0.861803398874989        4.57036688896630       0.276393202250021     
  0.861803398874989        4.81090750487634       0.861803398874989     
  0.861803398874989        4.46402222550051       0.414589803375031     
  0.861803398874989        4.46525964745465       0.861803398874989     
  0.414589803375031        4.81148417231617       0.861803398874989     
  0.276393202250021        3.93984701504718       0.861803398874989     
  0.276393202250021        3.60435992344802       0.861803398874989     
  0.723606797749979        3.59746910111574       0.414589803375031     
  0.723606797749979        3.60144617299348       0.861803398874989     
  0.861803398874989        4.14688116171105       0.723606797749979     
  0.414589803375031        4.14820753119436       0.723606797749979     
  0.861803398874989        4.14505474950750       0.276393202250021     
  0.861803398874989        3.80365591187521       0.276393202250021     
  0.861803398874989        4.04233251668678       0.861803398874989     
  0.861803398874989        3.70028208864351       0.414589803375031     
  0.861803398874989        3.70378158810158       0.861803398874989     
  0.414589803375031        4.04393285034590       0.861803398874989     
  0.276393202250021        3.20014261844017       0.861803398874989     
  0.276393202250021        2.88119868042615       0.861803398874989     
  0.723606797749979        2.86683976276839       0.414589803375031     
  0.723606797749979        2.87532132946784       0.861803398874989     
  0.861803398874989        3.39454822588599       0.723606797749979     
  0.414589803375031        3.39777157673341       0.723606797749979     
  0.861803398874989        3.38994677073168       0.276393202250021     
  0.861803398874989        3.06128094029469       0.276393202250021     
  0.861803398874989        3.29523157670115       0.861803398874989     
  0.861803398874989        2.96367906845765       0.414589803375031     
  0.861803398874989        2.97168481212467       0.861803398874989     
  0.414589803375031        3.29883677803511       0.861803398874989     
  0.276393202250021        2.50378595909012       0.861803398874989     
  0.276393202250021        2.21117350821722       0.861803398874989     
  0.723606797749979        2.18718337585189       0.414589803375031     
  0.723606797749979        2.20187267382232       0.861803398874989     
  0.861803398874989        2.67829875557408       0.723606797749979     
  0.414589803375031        2.68440214101573       0.723606797749979     
  0.861803398874989        2.66926679688730       0.276393202250021     
  0.861803398874989        2.36324550149498       0.276393202250021     
  0.861803398874989        2.58752383661737       0.861803398874989     
  0.861803398874989        2.27448797429596       0.414589803375031     
  0.861803398874989        2.28854710218590       0.861803398874989     
  0.414589803375031        2.59394793796106       0.861803398874989     
  0.276393202250021        1.86758721209227       0.861803398874989     
  0.276393202250021        1.59659105074909       0.861803398874989     
  0.723606797749979        1.57899362248080       0.414589803375031     
  0.723606797749979        1.59235865093042       0.861803398874989     
  0.861803398874989        2.02168118665497       0.723606797749979     
  0.414589803375031        2.03128767088465       0.723606797749979     
  0.861803398874989        2.00621208996350       0.276393202250021     
  0.861803398874989        1.73545093195519       0.276393202250021     
  0.861803398874989        1.94168732277463       0.861803398874989     
  0.861803398874989        1.65934112205865       0.414589803375031     
  0.861803398874989        1.67209508651986       0.861803398874989     
  0.414589803375031        1.95159360964839       0.861803398874989     
  0.276393202250021        1.27575908541130       0.861803398874989     
  0.276393202250021        1.04096552799422       0.861803398874989     
  0.723606797749979        1.01817841595105       0.414589803375031     
  0.723606797749979        1.02978979261132       0.861803398874989     
  0.861803398874989        1.42193014828902       0.723606797749979     
  0.414589803375031        1.42696787343019       0.723606797749979     
  0.861803398874989        1.40749395365812       0.276393202250021     
  0.861803398874989        1.15398475684284       0.276393202250021     
  0.861803398874989        1.34559597028121       0.861803398874989     
  0.861803398874989        1.08687500141386       0.414589803375031     
  0.861803398874989        1.10013643028483       0.861803398874989     
  0.414589803375031        1.35144877775086       0.861803398874989     
  0.276393202250021       0.762765274745017       0.861803398874989     
  0.276393202250021       0.534926201474931       0.861803398874989     
  0.723606797749979       0.518363250419013       0.414589803375031     
  0.723606797749979       0.520530696524898       0.861803398874989     
  0.861803398874989       0.883439642255039       0.723606797749979     
  0.414589803375031       0.895486886338958       0.723606797749979     
  0.861803398874989       0.874270817476985       0.276393202250021     
  0.861803398874989       0.652725552574726       0.276393202250021     
  0.861803398874989       0.814467538254046       0.861803398874989     
  0.861803398874989       0.583024414918773       0.414589803375031     
  0.861803398874989       0.587801864943283       0.861803398874989     
  0.414589803375031       0.827538285202085       0.861803398874989     
  0.723606797749979       0.325685541224828       0.861803398874989     
  0.276393202250021       0.126265644886594       0.861803398874989     
  0.276393202250021       0.337768651872679       0.861803398874989     
  0.723606797749979       0.126265644886594       0.414589803375031     
  0.861803398874989       6.216175352770793E-002  0.861803398874989     
  0.414589803375031       6.216175352770793E-002  0.861803398874989     
  0.861803398874989       0.263321413543958       0.861803398874989     
  0.861803398874989       6.216175352770793E-002  0.414589803375031     
  0.861803398874989       0.388291375760963       0.723606797749979     
  0.414589803375031       0.402257801000620       0.723606797749979     
  0.861803398874989       0.387451198736899       0.276393202250021     
  0.861803398874989       0.190075688428158       0.276393202250021     
  0.723606797749979        23.4473989029598       0.138196601125011     
  0.723606797749979        23.0980121983241       0.138196601125011     
  0.276393202250021        23.0980133163581       0.585410196624969     
  0.276393202250021        23.0980133163581       0.138196601125011     
  0.138196601125011        23.6633314161504       0.276393202250021     
  0.585410196624969        23.6633314161504       0.276393202250021     
  0.138196601125011        23.6633314161504       0.723606797749979     
  0.138196601125011        23.3139458295487       0.723606797749979     
  0.138196601125011        23.5553653323008       0.138196601125011     
  0.138196601125011        23.2059797456992       0.585410196624969     
  0.138196601125011        23.2059797456992       0.138196601125011     
  0.585410196624969        23.5553653323008       0.138196601125011     
  0.276393202250021        22.8820808031674       0.138196601125011     
  0.723606797749979        22.8820796851334       0.138196601125011     
  0.276393202250021        22.8820808031674       0.585410196624969     
  0.723606797749979        22.5326940985317       0.138196601125011     
  0.138196601125011        22.6661489809598       0.138196601125011     
  0.138196601125011        22.3167633943581       0.138196601125011     
  0.585410196624969        22.3167622763241       0.138196601125011     
  0.138196601125011        22.3167633943581       0.585410196624969     
  0.138196601125011        22.7741150648093       0.723606797749979     
  0.585410196624969        22.4247283601737       0.276393202250021     
  0.138196601125011        22.4247294782077       0.723606797749979     
  0.138196601125011        22.7741150648093       0.276393202250021     
  0.276393202250021        22.1008308811674       0.138196601125011     
  0.723606797749979        22.1008297631334       0.138196601125011     
  0.276393202250021        22.1008308811674       0.585410196624969     
  0.723606797749979        21.7514441765317       0.138196601125011     
  0.138196601125011        21.8848990589598       0.138196601125011     
  0.138196601125011        21.5355134723581       0.138196601125011     
  0.585410196624969        21.5355123543241       0.138196601125011     
  0.138196601125011        21.5355134723581       0.585410196624969     
  0.138196601125011        21.9928651428093       0.723606797749979     
  0.585410196624969        21.6434784381737       0.276393202250021     
  0.138196601125011        21.6434795562077       0.723606797749979     
  0.138196601125011        21.9928651428093       0.276393202250021     
  0.276393202250021        21.3195809593056       0.138196601125011     
  0.723606797749979        21.3195798412716       0.138196601125011     
  0.276393202250021        21.3195809593056       0.585410196624969     
  0.723606797749979        20.9701942551172       0.138196601125011     
  0.138196601125011        21.1036491370980       0.138196601125011     
  0.138196601125011        20.7542635504963       0.138196601125011     
  0.585410196624969        20.7542624329095       0.138196601125011     
  0.138196601125011        20.7542635504963       0.585410196624969     
  0.138196601125011        21.2116152209475       0.723606797749979     
  0.585410196624969        20.8622285167591       0.276393202250021     
  0.138196601125011        20.8622296343459       0.723606797749979     
  0.138196601125011        21.2116152209475       0.276393202250021     
  0.276393202250021        20.5383310374438       0.138196601125011     
  0.723606797749979        20.5383299198570       0.138196601125011     
  0.276393202250021        20.5383310374438       0.585410196624969     
  0.723606797749979        20.1889443332553       0.138196601125011     
  0.138196601125011        20.3223992153743       0.138196601125011     
  0.138196601125011        19.9730136292199       0.138196601125011     
  0.585410196624969        19.9730125111859       0.138196601125011     
  0.138196601125011        19.9730136292199       0.585410196624969     
  0.138196601125011        20.4303652990857       0.723606797749979     
  0.585410196624969        20.0809785948973       0.276393202250021     
  0.138196601125011        20.0809797129313       0.723606797749979     
  0.138196601125011        20.4303652990857       0.276393202250021     
  0.276393202250021        19.7570811161674       0.138196601125011     
  0.723606797749979        19.7570799981334       0.138196601125011     
  0.276393202250021        19.7570811161674       0.585410196624969     
  0.723606797749979        19.4076944115317       0.138196601125011     
  0.138196601125011        19.5411492939598       0.138196601125011     
  0.138196601125011        19.1917637073581       0.138196601125011     
  0.585410196624969        19.1917625893241       0.138196601125011     
  0.138196601125011        19.1917637073581       0.585410196624969     
  0.138196601125011        19.6491153778093       0.723606797749979     
  0.585410196624969        19.2997286731737       0.276393202250021     
  0.138196601125011        19.2997297912077       0.723606797749979     
  0.138196601125011        19.6491153778093       0.276393202250021     
  0.276393202250021        18.9758311941674       0.138196601125011     
  0.723606797749979        18.9758300761334       0.138196601125011     
  0.276393202250021        18.9758311941674       0.585410196624969     
  0.723606797749979        18.6264444895317       0.138196601125011     
  0.138196601125011        18.7598993719598       0.138196601125011     
  0.138196601125011        18.4105137853581       0.138196601125011     
  0.585410196624969        18.4105126673241       0.138196601125011     
  0.138196601125011        18.4105137853581       0.585410196624969     
  0.138196601125011        18.8678654558093       0.723606797749979     
  0.585410196624969        18.5184787511737       0.276393202250021     
  0.138196601125011        18.5184798692077       0.723606797749979     
  0.138196601125011        18.8678654558093       0.276393202250021     
  0.276393202250021        18.1945812721674       0.138196601125011     
  0.723606797749979        18.1945801541334       0.138196601125011     
  0.276393202250021        18.1945812721674       0.585410196624969     
  0.723606797749979        17.8451945675317       0.138196601125011     
  0.138196601125011        17.9786494499598       0.138196601125011     
  0.138196601125011        17.6292638633581       0.138196601125011     
  0.585410196624969        17.6292627453241       0.138196601125011     
  0.138196601125011        17.6292638633581       0.585410196624969     
  0.138196601125011        18.0866155338093       0.723606797749979     
  0.585410196624969        17.7372288291737       0.276393202250021     
  0.138196601125011        17.7372299472077       0.723606797749979     
  0.138196601125011        18.0866155338093       0.276393202250021     
  0.276393202250021        17.4133313501674       0.138196601125011     
  0.723606797749979        17.4133302321334       0.138196601125011     
  0.276393202250021        17.4133313501674       0.585410196624969     
  0.723606797749979        17.0639446455317       0.138196601125011     
  0.138196601125011        17.1973995279598       0.138196601125011     
  0.138196601125011        16.8480139413581       0.138196601125011     
  0.585410196624969        16.8480128233241       0.138196601125011     
  0.138196601125011        16.8480139413581       0.585410196624969     
  0.138196601125011        17.3053656118093       0.723606797749979     
  0.585410196624969        16.9559789071737       0.276393202250021     
  0.138196601125011        16.9559800252077       0.723606797749979     
  0.138196601125011        17.3053656118093       0.276393202250021     
  0.276393202250021        16.6320814281674       0.138196601125011     
  0.723606797749979        16.6320803101334       0.138196601125011     
  0.276393202250021        16.6320814281674       0.585410196624969     
  0.723606797749979        16.2826947235317       0.138196601125011     
  0.138196601125011        16.4161496059598       0.138196601125011     
  0.138196601125011        16.0667640193581       0.138196601125011     
  0.585410196624969        16.0667629013241       0.138196601125011     
  0.138196601125011        16.0667640193581       0.585410196624969     
  0.138196601125011        16.5241156898093       0.723606797749979     
  0.585410196624969        16.1747289851737       0.276393202250021     
  0.138196601125011        16.1747301032077       0.723606797749979     
  0.138196601125011        16.5241156898093       0.276393202250021     
  0.276393202250021        15.8508315061674       0.138196601125011     
  0.723606797749979        15.8508303881334       0.138196601125011     
  0.276393202250021        15.8508315061674       0.585410196624969     
  0.723606797749979        15.5014448015318       0.138196601125011     
  0.138196601125011        15.6348996839598       0.138196601125011     
  0.138196601125011        15.2855140973582       0.138196601125011     
  0.585410196624969        15.2855129793242       0.138196601125011     
  0.138196601125011        15.2855140973582       0.585410196624969     
  0.138196601125011        15.7428657678094       0.723606797749979     
  0.585410196624969        15.3934790631737       0.276393202250021     
  0.138196601125011        15.3934801812078       0.723606797749979     
  0.138196601125011        15.7428657678094       0.276393202250021     
  0.276393202250021        15.0695815843059       0.138196601125011     
  0.723606797749979        15.0695804662717       0.138196601125011     
  0.276393202250021        15.0695815843058       0.585410196624969     
  0.723606797749979        14.7201948801175       0.138196601125011     
  0.138196601125011        14.8536497620985       0.138196601125011     
  0.138196601125011        14.5042641754980       0.138196601125011     
  0.585410196624969        14.5042630579103       0.138196601125011     
  0.138196601125011        14.5042641754977       0.585410196624969     
  0.138196601125011        14.9616158459479       0.723606797749979     
  0.585410196624969        14.6122291417597       0.276393202250021     
  0.138196601125011        14.6122302593468       0.723606797749979     
  0.138196601125011        14.9616158459480       0.276393202250021     
  0.276393202250021        14.2883316624464       0.138196601125011     
  0.723606797749979        14.2883305448581       0.138196601125011     
  0.276393202250021        14.2883316624460       0.585410196624969     
  0.723606797749979        13.9389449582587       0.138196601125011     
  0.138196601125011        14.0723998403795       0.138196601125011     
  0.138196601125011        13.7230142542350       0.138196601125011     
  0.585410196624969        13.7230131361934       0.138196601125011     
  0.138196601125011        13.7230142542330       0.585410196624969     
  0.138196601125011        14.1803659240890       0.723606797749979     
  0.585410196624969        13.8309792199027       0.276393202250021     
  0.138196601125011        13.8309803379396       0.723606797749979     
  0.138196601125011        14.1803659240896       0.276393202250021     
  0.276393202250021        13.5070817411904       0.138196601125011     
  0.723606797749979        13.5070806231438       0.138196601125011     
  0.276393202250021        13.5070817411868       0.585410196624969     
  0.723606797749979        13.1576950365614       0.138196601125011     
  0.138196601125011        13.2911499190052       0.138196601125011     
  0.138196601125011        12.9417643324859       0.138196601125011     
  0.585410196624969        12.9417632143895       0.138196601125011     
  0.138196601125011        12.9417643324704       0.585410196624969     
  0.138196601125011        13.3991160028384       0.723606797749979     
  0.585410196624969        13.0497292982211       0.276393202250021     
  0.138196601125011        13.0497304162800       0.723606797749979     
  0.138196601125011        13.3991160028441       0.276393202250021     
  0.276393202250021        12.7258318193608       0.138196601125011     
  0.723606797749979        12.7258307012242       0.138196601125011     
  0.276393202250021        12.7258318193323       0.585410196624969     
  0.723606797749979        12.3764451147796       0.138196601125011     
  0.138196601125011        12.5098999973379       0.138196601125011     
  0.138196601125011        12.1605144113770       0.138196601125011     
  0.585410196624969        12.1605132928631       0.138196601125011     
  0.138196601125011        12.1605144112602       0.585410196624969     
  0.138196601125011        12.6178660810554       0.723606797749979     
  0.585410196624969        12.2684793765664       0.276393202250021     
  0.138196601125011        12.2684804947984       0.723606797749979     
  0.138196601125011        12.6178660811003       0.276393202250021     
  0.276393202250021        11.9445818986942       0.138196601125011     
  0.723606797749979        11.9445807798803       0.138196601125011     
  0.276393202250021        11.9445818984849       0.585410196624969     
  0.723606797749979        11.5951951944818       0.138196601125011     
  0.138196601125011        11.7286500779140       0.138196601125011     
  0.138196601125011        11.3792644959714       0.138196601125011     
  0.585410196624969        11.3792633744904       0.138196601125011     
  0.138196601125011        11.3792644951484       0.585410196624969     
  0.138196601125011        11.8366161607655       0.723606797749979     
  0.585410196624969        11.4872294572285       0.276393202250021     
  0.138196601125011        11.4872305767346       0.723606797749979     
  0.138196601125011        11.8366161610929       0.276393202250021     
  0.276393202250021        11.1633319864506       0.138196601125011     
  0.723606797749979        11.1633308628946       0.138196601125011     
  0.276393202250021        11.1633319850241       0.585410196624969     
  0.723606797749979        10.8139452849011       0.138196601125011     
  0.138196601125011        10.9474001745252       0.138196601125011     
  0.138196601125011        10.5980146194686       0.138196601125011     
  0.585410196624969        10.5980134784089       0.138196601125011     
  0.138196601125011        10.5980146140874       0.585410196624969     
  0.138196601125011        11.0553662513593       0.723606797749979     
  0.585410196624969        10.7059795543964       0.276393202250021     
  0.138196601125011        10.7059806826556       0.723606797749979     
  0.138196601125011        11.0553662535715       0.276393202250021     
  0.276393202250021        10.3820821309308       0.138196601125011     
  0.723606797749979        10.3820809766286       0.138196601125011     
  0.276393202250021        10.3820821219503       0.585410196624969     
  0.723606797749979        10.0326954473173       0.138196601125011     
  0.138196601125011        10.1661503774406       0.138196601125011     
  0.138196601125011        9.81676498874423       0.138196601125011     
  0.585410196624969        9.81676372841028       0.138196601125011     
  0.138196601125011        9.81676495630757       0.585410196624969     
  0.138196601125011        10.2741164156358       0.723606797749979     
  0.585410196624969        9.92472976074519       0.276393202250021     
  0.138196601125011        9.92473094483678       0.723606797749979     
  0.138196601125011        10.2741164293923       0.276393202250021     
  0.276393202250021        9.60083262867173       0.138196601125011     
  0.723606797749979        9.60083129097298       0.138196601125011     
  0.276393202250021        9.60083257684813       0.585410196624969     
  0.723606797749979        9.25144605729623       0.138196601125011     
  0.138196601125011        9.38490123003493       0.138196601125011     
  0.138196601125011        9.03551678773279       0.138196601125011     
  0.585410196624969        9.03551486070571       0.138196601125011     
  0.138196601125011        9.03551660883303       0.585410196624969     
  0.138196601125011        9.49286704056928       0.723606797749979     
  0.585410196624969        9.14348063382308       0.276393202250021     
  0.138196601125011        9.14348214675907       0.723606797749979     
  0.138196601125011        9.49286711865239       0.276393202250021     
  0.276393202250021        8.81958514890895       0.138196601125011     
  0.723606797749979        8.81958281157891       0.138196601125011     
  0.276393202250021        8.81958487687541       0.585410196624969     
  0.723606797749979        8.47019922699821       0.138196601125011     
  0.138196601125011        8.60365571879535       0.138196601125011     
  0.138196601125011        8.25427619593214       0.138196601125011     
  0.585410196624969        8.25427087255072       0.138196601125011     
  0.138196601125011        8.25427530134967       0.585410196624969     
  0.138196601125011        8.71162030799160       0.723606797749979     
  0.585410196624969        8.36223524291566       0.276393202250021     
  0.138196601125011        8.36223853321741       0.723606797749979     
  0.138196601125011        8.71162070887047       0.276393202250021     
  0.276393202250021        8.03834824455930       0.138196601125011     
  0.723606797749979        8.03834096397363       0.138196601125011     
  0.276393202250021        8.03834695663406       0.585410196624969     
  0.723606797749979        7.68896577498641       0.138196601125011     
  0.138196601125011        7.82242870566557       0.138196601125011     
  0.138196601125011        7.47307240212163       0.138196601125011     
  0.585410196624969        7.47305141722015       0.138196601125011     
  0.138196601125011        7.47306839365708       0.585410196624969     
  0.138196601125011        7.93038738050012       0.723606797749979     
  0.585410196624969        7.58100892807700       0.276393202250021     
  0.138196601125011        7.58102097200205       0.723606797749979     
  0.138196601125011        7.93038922349154       0.276393202250021     
  0.276393202250021        7.25716151320963       0.138196601125011     
  0.723606797749979        7.25713220621852       0.138196601125011     
  0.276393202250021        7.25715607109509       0.585410196624969     
  0.723606797749979        6.90779581020525       0.138196601125011     
  0.138196601125011        7.04128665184727       0.138196601125011     
  0.138196601125011        6.69202909760646       0.138196601125011     
  0.585410196624969        6.69194334786823       0.138196601125011     
  0.138196601125011        6.69201326188889       0.585410196624969     
  0.138196601125011        7.14921968202053       0.723606797749979     
  0.585410196624969        6.79987079340508       0.276393202250021     
  0.138196601125011        6.79992176958550       0.723606797749979     
  0.138196601125011        7.14922718274010       0.276393202250021     
  0.276393202250021        6.47618917409117       0.138196601125011     
  0.723606797749979        6.47607219218683       0.138196601125011     
  0.276393202250021        6.47616893203235       0.585410196624969     
  0.723606797749979        6.12689725418861       0.138196601125011     
  0.138196601125011        6.26049443917444       0.138196601125011     
  0.138196601125011        5.91161254057176       0.138196601125011     
  0.585410196624969        5.91128897386876       0.138196601125011     
  0.138196601125011        5.91155839178160       0.585410196624969     
  0.138196601125011        6.36832861360414       0.723606797749979     
  0.585410196624969        6.01909902590745       0.276393202250021     
  0.138196601125011        6.01930472050634       0.723606797749979     
  0.138196601125011        6.36835529496545       0.276393202250021     
  0.276393202250021        5.69603613346522       0.138196601125011     
  0.723606797749979        5.69561079035064       0.138196601125011     
  0.276393202250021        5.69597147576196       0.585410196624969     
  0.723606797749979        5.34703611879665       0.138196601125011     
  0.138196601125011        5.48098181344801       0.138196601125011     
  0.138196601125011        5.13335477519707       0.138196601125011     
  0.585410196624969        5.13227357108469       0.138196601125011     
  0.138196601125011        5.13320300304371       0.585410196624969     
  0.138196601125011        5.58848321994912       0.723606797749979     
  0.585410196624969        5.23968292974256       0.276393202250021     
  0.138196601125011        5.24043062981977       0.723606797749979     
  0.138196601125011        5.58856339713051       0.276393202250021     
  0.276393202250021        4.91863123852912       0.138196601125011     
  0.723606797749979        4.91727559191029       0.138196601125011     
  0.276393202250021        4.91846651272001       0.585410196624969     
  0.723606797749979        4.57065179761226       0.138196601125011     
  0.138196601125011        4.70552033896457       0.138196601125011     
  0.138196601125011        4.36151950910949       0.138196601125011     
  0.585410196624969        4.35840193491760       0.138196601125011     
  0.138196601125011        4.36121242129473       0.585410196624969     
  0.138196601125011        4.81208995110514       0.723606797749979     
  0.585410196624969        4.46464470744199       0.276393202250021     
  0.138196601125011        4.46701772657196       0.723606797749979     
  0.138196601125011        4.81227323893188       0.276393202250021     
  0.276393202250021        4.14922400360348       0.138196601125011     
  0.723606797749979        4.14547864994265       0.138196601125011     
  0.276393202250021        4.14891041195609       0.585410196624969     
  0.723606797749979        3.80436100500493       0.138196601125011     
  0.138196601125011        3.94117113074829       0.138196601125011     
  0.138196601125011        3.60600462079950       0.138196601125011     
  0.585410196624969        3.59847400712014       0.138196601125011     
  0.138196601125011        3.60569600355890       0.585410196624969     
  0.138196601125011        4.04549708066746       0.723606797749979     
  0.585410196624969        3.70182847023281       0.276393202250021     
  0.138196601125011        3.70825279100794       0.723606797749979     
  0.138196601125011        4.04580567266237       0.276393202250021     
  0.276393202250021        3.39931385769351       0.138196601125011     
  0.723606797749979        3.39092922128084       0.138196601125011     
  0.276393202250021        3.39915654135994       0.585410196624969     
  0.723606797749979        3.06250621150474       0.138196601125011     
  0.138196601125011        3.20128333953777       0.138196601125011     
  0.138196601125011        2.88172405793237       0.138196601125011     
  0.585410196624969        2.86805053685810       0.138196601125011     
  0.138196601125011        2.88269428962662       0.585410196624969     
  0.138196601125011        3.30196925325253       0.723606797749979     
  0.585410196624969        2.96648961042183       0.276393202250021     
  0.138196601125011        2.98040709505109       0.723606797749979     
  0.138196601125011        3.30185801138732       0.276393202250021     
  0.276393202250021        2.68513703176481       0.138196601125011     
  0.723606797749979        2.67077441155708       0.138196601125011     
  0.276393202250021        2.68628173215803       0.585410196624969     
  0.723606797749979        2.36496242057426       0.138196601125011     
  0.138196601125011        2.50344072464601       0.138196601125011     
  0.138196601125011        2.20891768260449       0.138196601125011     
  0.585410196624969        2.18820983919082       0.138196601125011     
  0.138196601125011        2.21273917627978       0.585410196624969     
  0.138196601125011        2.59874344374487       0.723606797749979     
  0.585410196624969        2.27886218440086       0.276393202250021     
  0.138196601125011        2.30241362423607       0.723606797749979     
  0.138196601125011        2.59731493791703       0.276393202250021     
  0.276393202250021        2.02917148779831       0.138196601125011     
  0.723606797749979        2.00792833665781       0.138196601125011     
  0.276393202250021        2.03308384317263       0.585410196624969     
  0.723606797749979        1.73739600809863       0.138196601125011     
  0.138196601125011        1.85769590184423       0.138196601125011     
  0.138196601125011        1.58093202378778       0.138196601125011     
  0.585410196624969        1.57437708003650       0.138196601125011     
  0.138196601125011        1.59329986427496       0.585410196624969     
  0.138196601125011        1.95362835515292       0.723606797749979     
  0.585410196624969        1.66203672274036       0.276393202250021     
  0.138196601125011        1.67927259503962       0.723606797749979     
  0.138196601125011        1.94933258230671       0.276393202250021     
  0.276393202250021        1.41324933874841       0.138196601125011     
  0.723606797749979        1.40472305070795       0.138196601125011     
  0.276393202250021        1.42517329748402       0.585410196624969     
  0.723606797749979        1.15235774107000       0.138196601125011     
  0.138196601125011        1.25963679890677       0.138196601125011     
  0.138196601125011        1.02506726389785       0.138196601125011     
  0.585410196624969        1.01373960113414       0.138196601125011     
  0.138196601125011        1.03807199309907       0.585410196624969     
  0.138196601125011        1.35254604132172       0.723606797749979     
  0.585410196624969        1.08751359734789       0.276393202250021     
  0.138196601125011        1.11251026182094       0.723606797749979     
  0.138196601125011        1.34089094673746       0.276393202250021     
  0.276393202250021       0.883336265350921       0.138196601125011     
  0.723606797749979       0.873821221365775       0.138196601125011     
  0.276393202250021       0.896178649266296       0.585410196624969     
  0.723606797749979       0.655856688070559       0.138196601125011     
  0.138196601125011       0.750463274948349       0.138196601125011     
  0.138196601125011       0.530517556350274       0.138196601125011     
  0.585410196624969       0.517924750852474       0.138196601125011     
  0.138196601125011       0.537903111424708       0.585410196624969     
  0.138196601125011       0.831945153643045       0.723606797749979     
  0.585410196624969       0.588923444348080       0.276393202250021     
  0.138196601125011       0.608749658360694       0.723606797749979     
  0.138196601125011       0.820413158227235       0.276393202250021     
  0.138196601125011       0.399097298283734       0.138196601125011     
  0.585410196624969       0.386507833098986       0.138196601125011     
  0.138196601125011       0.405335043947659       0.585410196624969     
  0.138196601125011       0.190827301882660       0.138196601125011     
  0.723606797749979       0.324905672316796       0.138196601125011     
  0.723606797749979       0.127769956021364       0.138196601125011     
  0.276393202250021       0.341216357147246       0.585410196624969     
  0.276393202250021       0.127769956021364       0.138196601125011     
  0.138196601125011       6.535802352010327E-002  0.276393202250021     
  0.138196601125011       6.535802352010327E-002  0.723606797749979     
  0.585410196624969       6.535802352010327E-002  0.276393202250021     
  0.138196601125011       0.276861030506187       0.723606797749979     