 0.723606797749979        24.5681356646017       0.861803398874989     
  0.276393202250021        24.5681356646017       0.861803398874989     
  0.723606797749979        24.5681356646017       0.414589803375031     
  0.276393202250021        23.1705933181950       0.861803398874989     
  0.861803398874989        24.1362709838501       0.861803398874989     
  0.861803398874989        24.1362709838501       0.414589803375031     
  0.861803398874989        22.7387275198566       0.861803398874989     
  0.414589803375031        22.7387286374433       0.861803398874989     
  0.861803398874989        22.3068628391049       0.723606797749979     
  0.861803398874989        22.3068628391049       0.276393202250021     
  0.414589803375031        22.3068639566917       0.723606797749979     
  0.861803398874989        23.7044063030984       0.276393202250021     
  0.276393202250021        20.5794066152366       0.861803398874989     
  0.276393202250021        19.1818642692771       0.861803398874989     
  0.723606797749979        19.1818631512431       0.414589803375031     
  0.723606797749979        19.1818631512431       0.861803398874989     
  0.861803398874989        21.4431338229550       0.723606797749979     
  0.414589803375031        21.4431349405418       0.723606797749979     
  0.861803398874989        21.4431338229550       0.276393202250021     
  0.861803398874989        20.0455914765483       0.276393202250021     
  0.861803398874989        21.0112694875567       0.861803398874989     
  0.861803398874989        19.6137271411499       0.414589803375031     
  0.861803398874989        19.6137271411499       0.861803398874989     
  0.414589803375031        21.0112706051434       0.861803398874989     
  0.276393202250021        17.4544069280984       0.861803398874989     
  0.276393202250021        16.0568645816917       0.861803398874989     
  0.723606797749979        16.0568634641049       0.414589803375031     
  0.723606797749979        16.0568634641049       0.861803398874989     
  0.861803398874989        18.3181341352314       0.723606797749979     
  0.414589803375031        18.3181352532654       0.723606797749979     
  0.861803398874989        18.3181341352314       0.276393202250021     
  0.861803398874989        16.9205917892719       0.276393202250021     
  0.861803398874989        17.8862697999713       0.861803398874989     
  0.861803398874989        16.4887274540117       0.414589803375031     
  0.861803398874989        16.4887274540117       0.861803398874989     
  0.414589803375031        17.8862709180052       0.861803398874989     
  0.276393202250021        14.3294072402366       0.861803398874989     
  0.276393202250021        12.9318648942771       0.861803398874989     
  0.723606797749979        12.9318637762431       0.414589803375031     
  0.723606797749979        12.9318637762431       0.861803398874989     
  0.861803398874989        15.1931344479550       0.723606797749979     
  0.414589803375031        15.1931355655418       0.723606797749979     
  0.861803398874989        15.1931344479550       0.276393202250021     
  0.861803398874989        13.7955921015483       0.276393202250021     
  0.861803398874989        14.7612701125567       0.861803398874989     
  0.861803398874989        13.3637277661499       0.414589803375031     
  0.861803398874989        13.3637277661499       0.861803398874989     
  0.414589803375031        14.7612712301434       0.861803398874989     
  0.276393202250021        11.2044075530293       0.861803398874989     
  0.276393202250021        9.80686520684621       0.861803398874989     
  0.723606797749979        9.80686408881223       0.414589803375031     
  0.723606797749979        9.80686408881223       0.861803398874989     
  0.861803398874989        12.0681347601623       0.723606797749979     
  0.414589803375031        12.0681358781963       0.723606797749979     
  0.861803398874989        12.0681347601623       0.276393202250021     
  0.861803398874989        10.6705924139792       0.276393202250021     
  0.861803398874989        11.6362704248331       0.861803398874989     
  0.861803398874989        10.2387280786499       0.414589803375031     
  0.861803398874989        10.2387280786499       0.861803398874989     
  0.414589803375031        11.6362715428671       0.861803398874989     
  0.276393202250021        8.07940786552933       0.861803398874989     
  0.276393202250021        6.68186551934621       0.861803398874989     
  0.723606797749979        6.68186440131223       0.414589803375031     
  0.723606797749979        6.68186440131223       0.861803398874989     
  0.861803398874989        8.94313507266228       0.723606797749979     
  0.414589803375031        8.94313619069627       0.723606797749979     
  0.861803398874989        8.94313507266228       0.276393202250021     
  0.861803398874989        7.54559272647916       0.276393202250021     
  0.861803398874989        8.51127073733306       0.861803398874989     
  0.861803398874989        7.11372839114994       0.414589803375031     
  0.861803398874989        7.11372839114994       0.861803398874989     
  0.414589803375031        8.51127185536705       0.861803398874989     
  0.276393202250021        4.95440817802933       0.861803398874989     
  0.276393202250021        3.55686583184621       0.861803398874989     
  0.723606797749979        3.55686471381223       0.414589803375031     
  0.723606797749979        3.55686471381223       0.861803398874989     
  0.861803398874989        5.81813538516228       0.723606797749979     
  0.414589803375031        5.81813650319627       0.723606797749979     
  0.861803398874989        5.81813538516228       0.276393202250021     
  0.861803398874989        4.42059303897916       0.276393202250021     
  0.861803398874989        5.38627104983306       0.861803398874989     
  0.861803398874989        3.98872870364994       0.414589803375031     
  0.861803398874989        3.98872870364994       0.861803398874989     
  0.414589803375031        5.38627216786705       0.861803398874989     
  0.723606797749979        2.26127136233306       0.861803398874989     
  0.276393202250021       0.863729016149942       0.861803398874989     
  0.276393202250021        2.26127248036705       0.861803398874989     
  0.723606797749979       0.863729016149943       0.414589803375031     
  0.861803398874989       0.431864335329220       0.861803398874989     
  0.414589803375031       0.431864335329220       0.861803398874989     
  0.861803398874989        1.82940668151234       0.861803398874989     
  0.861803398874989       0.431864335329220       0.414589803375031     
  0.861803398874989        2.69313569766228       0.723606797749979     
  0.414589803375031        2.69313681569627       0.723606797749979     
  0.861803398874989        2.69313569766228       0.276393202250021     
  0.861803398874989        1.29559335147916       0.276393202250021     
  0.723606797749979        23.7044066484517       0.138196601125011     
  0.723606797749979        22.3068631844582       0.138196601125011     
  0.276393202250021        22.3068643020450       0.585410196624969     
  0.276393202250021        22.3068643020450       0.138196601125011     
  0.138196601125011        24.5681356646017       0.276393202250021     
  0.585410196624969        24.5681356646017       0.276393202250021     
  0.138196601125011        24.5681356646017       0.723606797749979     
  0.138196601125011        23.1705933181950       0.723606797749979     
  0.138196601125011        24.1362713292034       0.138196601125011     
  0.138196601125011        22.7387289827966       0.585410196624969     
  0.138196601125011        22.7387289827966       0.138196601125011     
  0.585410196624969        24.1362713292034       0.138196601125011     
  0.276393202250021        21.4431352858951       0.138196601125011     
  0.723606797749979        21.4431341683083       0.138196601125011     
  0.276393202250021        21.4431352858951       0.585410196624969     
  0.723606797749979        20.0455918219016       0.138196601125011     
  0.138196601125011        20.5794069607281       0.138196601125011     
  0.138196601125011        19.1818646147686       0.138196601125011     
  0.585410196624969        19.1818634967346       0.138196601125011     
  0.138196601125011        19.1818646147686       0.585410196624969     
  0.138196601125011        21.0112712959883       0.723606797749979     
  0.585410196624969        19.6137278319948       0.276393202250021     
  0.138196601125011        19.6137289500287       0.723606797749979     
  0.138196601125011        21.0112712959883       0.276393202250021     
  0.276393202250021        18.3181355987569       0.138196601125011     
  0.723606797749979        18.3181344807229       0.138196601125011     
  0.276393202250021        18.3181355987569       0.585410196624969     
  0.723606797749979        16.9205921347634       0.138196601125011     
  0.138196601125011        17.4544072734517       0.138196601125011     
  0.138196601125011        16.0568649270450       0.138196601125011     
  0.585410196624969        16.0568638094582       0.138196601125011     
  0.138196601125011        16.0568649270450       0.585410196624969     
  0.138196601125011        17.8862716088501       0.723606797749979     
  0.585410196624969        16.4887281448566       0.276393202250021     
  0.138196601125011        16.4887292624433       0.723606797749979     
  0.138196601125011        17.8862716088501       0.276393202250021     
  0.276393202250021        15.1931359108951       0.138196601125011     
  0.723606797749979        15.1931347933083       0.138196601125011     
  0.276393202250021        15.1931359108951       0.585410196624969     
  0.723606797749979        13.7955924469016       0.138196601125011     
  0.138196601125011        14.3294075857281       0.138196601125011     
  0.138196601125011        12.9318652397686       0.138196601125011     
  0.585410196624969        12.9318641217346       0.138196601125011     
  0.138196601125011        12.9318652397686       0.585410196624969     
  0.138196601125011        14.7612719209883       0.723606797749979     
  0.585410196624969        13.3637284569947       0.276393202250021     
  0.138196601125011        13.3637295750287       0.723606797749979     
  0.138196601125011        14.7612719209883       0.276393202250021     
  0.276393202250021        12.0681362236878       0.138196601125011     
  0.723606797749979        12.0681351056538       0.138196601125011     
  0.276393202250021        12.0681362236878       0.585410196624969     
  0.723606797749979        10.6705927594707       0.138196601125011     
  0.138196601125011        11.2044078985208       0.138196601125011     
  0.138196601125011        9.80686555233772       0.138196601125011     
  0.585410196624969        9.80686443430373       0.138196601125011     
  0.138196601125011        9.80686555233772       0.585410196624969     
  0.138196601125011        11.6362722338501       0.723606797749979     
  0.585410196624969        10.2387287696329       0.276393202250021     
  0.138196601125011        10.2387298876669       0.723606797749979     
  0.138196601125011        11.6362722338501       0.276393202250021     
  0.276393202250021        8.94313653618777       0.138196601125011     
  0.723606797749979        8.94313541815379       0.138196601125011     
  0.276393202250021        8.94313653618777       0.585410196624969     
  0.723606797749979        7.54559307197066       0.138196601125011     
  0.138196601125011        8.07940821102084       0.138196601125011     
  0.138196601125011        6.68186586483772       0.138196601125011     
  0.585410196624969        6.68186474680373       0.138196601125011     
  0.138196601125011        6.68186586483772       0.585410196624969     
  0.138196601125011        8.51127254635006       0.723606797749979     
  0.585410196624969        7.11372908213295       0.276393202250021     
  0.138196601125011        7.11373020016694       0.723606797749979     
  0.138196601125011        8.51127254635006       0.276393202250021     
  0.276393202250021        5.81813684868777       0.138196601125011     
  0.723606797749979        5.81813573065379       0.138196601125011     
  0.276393202250021        5.81813684868777       0.585410196624969     
  0.723606797749979        4.42059338447067       0.138196601125011     
  0.138196601125011        4.95440852352084       0.138196601125011     
  0.138196601125011        3.55686617733772       0.138196601125011     
  0.585410196624969        3.55686505930373       0.138196601125011     
  0.138196601125011        3.55686617733772       0.585410196624969     
  0.138196601125011        5.38627285885006       0.723606797749979     
  0.585410196624969        3.98872939463295       0.276393202250021     
  0.138196601125011        3.98873051266694       0.723606797749979     
  0.138196601125011        5.38627285885006       0.276393202250021     
  0.138196601125011        2.69313716118777       0.138196601125011     
  0.585410196624969        2.69313604315379       0.138196601125011     
  0.138196601125011        2.69313716118777       0.585410196624969     
  0.138196601125011        1.29559369697067       0.138196601125011     
  0.723606797749979        2.26127136233306       0.138196601125011     
  0.723606797749979       0.863729016149942       0.138196601125011     
  0.276393202250021        2.26127248036705       0.585410196624969     
  0.276393202250021       0.863729016149943       0.138196601125011     
  0.138196601125011       0.431864680820723       0.276393202250021     
  0.138196601125011       0.431864680820723       0.723606797749979     
  0.585410196624969       0.431864680820723       0.276393202250021     
  0.138196601125011        1.82940814503783       0.723606797749979     