0.723606797749979        24.1362713293416       0.861803398874989     
  0.276393202250021        24.1362713293416       0.861803398874989     
  0.723606797749979        24.1362713293416       0.414589803375031     
  0.276393202250021        21.3411866369753       0.861803398874989     
  0.861803398874989        23.2725423131916       0.861803398874989     
  0.861803398874989        23.2725423131916       0.414589803375031     
  0.861803398874989        20.4774565027914       0.861803398874989     
  0.414589803375031        20.4774576208254       0.861803398874989     
  0.861803398874989        19.6137274866414       0.723606797749979     
  0.861803398874989        19.6137274866414       0.276393202250021     
  0.414589803375031        19.6137286046754       0.723606797749979     
  0.861803398874989        22.4088132970417       0.276393202250021     
  0.276393202250021        16.1588139220417       0.861803398874989     
  0.276393202250021        13.3637292296754       0.861803398874989     
  0.723606797749979        13.3637281116414       0.414589803375031     
  0.723606797749979        13.3637281116414       0.861803398874989     
  0.861803398874989        17.8862697998331       0.723606797749979     
  0.414589803375031        17.8862709178671       0.723606797749979     
  0.861803398874989        17.8862697998331       0.276393202250021     
  0.861803398874989        15.0911851074668       0.276393202250021     
  0.861803398874989        17.0225411291746       0.861803398874989     
  0.861803398874989        14.2274564368084       0.414589803375031     
  0.861803398874989        14.2274564368084       0.861803398874989     
  0.414589803375031        17.0225422472086       0.861803398874989     
  0.276393202250021        9.90881454704167       0.861803398874989     
  0.276393202250021        7.11372985467543       0.861803398874989     
  0.723606797749979        7.11372873664145       0.414589803375031     
  0.723606797749979        7.11372873664144       0.861803398874989     
  0.861803398874989        11.6362704248331       0.723606797749979     
  0.414589803375031        11.6362715428670       0.723606797749979     
  0.861803398874989        11.6362704248331       0.276393202250021     
  0.861803398874989        8.84118573246682       0.276393202250021     
  0.861803398874989        10.7725417541746       0.861803398874989     
  0.861803398874989        7.97745706180838       0.414589803375031     
  0.861803398874989        7.97745706180838       0.861803398874989     
  0.414589803375031        10.7725428722086       0.861803398874989     
  0.723606797749979        4.52254237917462       0.861803398874989     
  0.276393202250021        1.72745768680838       0.861803398874989     
  0.276393202250021        4.52254349720861       0.861803398874989     
  0.723606797749979        1.72745768680838       0.414589803375031     
  0.861803398874989       0.863728670658440       0.861803398874989     
  0.414589803375031       0.863728670658440       0.861803398874989     
  0.861803398874989        3.65881336302468       0.861803398874989     
  0.861803398874989       0.863728670658440       0.414589803375031     
  0.861803398874989        5.38627104983306       0.723606797749979     
  0.414589803375031        5.38627216786705       0.723606797749979     
  0.861803398874989        5.38627104983306       0.276393202250021     
  0.861803398874989        2.59118635746682       0.276393202250021     
  0.723606797749979        22.4088136425332       0.138196601125011     
  0.723606797749979        19.6137278321329       0.138196601125011     
  0.276393202250021        19.6137289501669       0.585410196624969     
  0.276393202250021        19.6137289501669       0.138196601125011     
  0.138196601125011        24.1362713293416       0.276393202250021     
  0.585410196624969        24.1362713293416       0.276393202250021     
  0.138196601125011        24.1362713293416       0.723606797749979     
  0.138196601125011        21.3411866369753       0.723606797749979     
  0.138196601125011        23.2725426586831       0.138196601125011     
  0.138196601125011        20.4774579663169       0.585410196624969     
  0.138196601125011        20.4774579663169       0.138196601125011     
  0.585410196624969        23.2725426586831       0.138196601125011     
  0.276393202250021        17.8862712633586       0.138196601125011     
  0.723606797749979        17.8862701453246       0.138196601125011     
  0.276393202250021        17.8862712633586       0.585410196624969     
  0.723606797749979        15.0911854529583       0.138196601125011     
  0.138196601125011        16.1588142675332       0.138196601125011     
  0.138196601125011        13.3637295751669       0.138196601125011     
  0.585410196624969        13.3637284571329       0.138196601125011     
  0.138196601125011        13.3637295751669       0.585410196624969     
  0.138196601125011        17.0225429381916       0.723606797749979     
  0.585410196624969        14.2274571277914       0.276393202250021     
  0.138196601125011        14.2274582458254       0.723606797749979     
  0.138196601125011        17.0225429381916       0.276393202250021     
  0.276393202250021        11.6362718883586       0.138196601125011     
  0.723606797749979        11.6362707703246       0.138196601125011     
  0.276393202250021        11.6362718883586       0.585410196624969     
  0.723606797749979        8.84118607795832       0.138196601125011     
  0.138196601125011        9.90881489253318       0.138196601125011     
  0.138196601125011        7.11373020016694       0.138196601125011     
  0.585410196624969        7.11372908213295       0.138196601125011     
  0.138196601125011        7.11373020016694       0.585410196624969     
  0.138196601125011        10.7725435631916       0.723606797749979     
  0.585410196624969        7.97745775279139       0.276393202250021     
  0.138196601125011        7.97745887082538       0.723606797749979     
  0.138196601125011        10.7725435631916       0.276393202250021     
  0.138196601125011        5.38627251335855       0.138196601125011     
  0.585410196624969        5.38627139532457       0.138196601125011     
  0.138196601125011        5.38627251335855       0.585410196624969     
  0.138196601125011        2.59118670295832       0.138196601125011     
  0.723606797749979        4.52254237917462       0.138196601125011     
  0.723606797749979        1.72745768680838       0.138196601125011     
  0.276393202250021        4.52254349720861       0.585410196624969     
  0.276393202250021        1.72745768680838       0.138196601125011     
  0.138196601125011       0.863729016149943       0.276393202250021     
  0.138196601125011       0.863729016149943       0.723606797749979     
  0.585410196624969       0.863729016149943       0.276393202250021     
  0.138196601125011        3.65881482655017       0.723606797749979     