 24.7840674868093       0.861803398874989       0.723606797749979     
   24.7840674868093       0.861803398874989       0.276393202250021     
   24.7840674868093       0.414589803375031       0.723606797749979     
   24.0852951955720       0.861803398874989       0.276393202250021     
   24.5681349736187       0.861803398874989       0.861803398874989     
   24.5681349736187       0.414589803375031       0.861803398874989     
   23.8693626823813       0.861803398874989       0.861803398874989     
   23.8693626823813       0.861803398874989       0.414589803375031     
   23.6534301691907       0.723606797749979       0.861803398874989     
   23.6534301691907       0.276393202250021       0.861803398874989     
   23.6534301691907       0.723606797749979       0.414589803375031     
   24.3522024604280       0.276393202250021       0.861803398874989     
   22.7897011533171       0.861803398874989       0.276393202250021     
   22.0909299805610       0.861803398874989       0.276393202250021     
   22.0909299805610       0.414589803375031       0.723606797749979     
   22.0909299805610       0.861803398874989       0.723606797749979     
   23.2215654884390       0.723606797749979       0.861803398874989     
   23.2215654884390       0.723606797749979       0.414589803375031     
   23.2215654884390       0.276393202250021       0.861803398874989     
   22.5227943156829       0.276393202250021       0.861803398874989     
   23.0056333208781       0.861803398874989       0.861803398874989     
   22.3068621481219       0.414589803375031       0.861803398874989     
   22.3068621481219       0.861803398874989       0.861803398874989     
   23.0056333208781       0.861803398874989       0.414589803375031     
   21.2272013099025       0.861803398874989       0.276393202250021     
   20.5284301366992       0.861803398874989       0.276393202250021     
   20.5284301366992       0.414589803375031       0.723606797749979     
   20.5284301366992       0.861803398874989       0.723606797749979     
   21.6590656453008       0.723606797749979       0.861803398874989     
   21.6590656453008       0.723606797749979       0.414589803375031     
   21.6590656453008       0.276393202250021       0.861803398874989     
   20.9602944720975       0.276393202250021       0.861803398874989     
   21.4431334776017       0.861803398874989       0.861803398874989     
   20.7443623043983       0.414589803375031       0.861803398874989     
   20.7443623043983       0.861803398874989       0.861803398874989     
   21.4431334776017       0.861803398874989       0.414589803375031     
   19.6647014659025       0.861803398874989       0.276393202250021     
   18.9659302926992       0.861803398874989       0.276393202250021     
   18.9659302926992       0.414589803375031       0.723606797749979     
   18.9659302926992       0.861803398874989       0.723606797749979     
   20.0965658013008       0.723606797749979       0.861803398874989     
   20.0965658013008       0.723606797749979       0.414589803375031     
   20.0965658013008       0.276393202250021       0.861803398874989     
   19.3977946280975       0.276393202250021       0.861803398874989     
   19.8806336336017       0.861803398874989       0.861803398874989     
   19.1818624603983       0.414589803375031       0.861803398874989     
   19.1818624603983       0.861803398874989       0.861803398874989     
   19.8806336336017       0.861803398874989       0.414589803375031     
   18.1022016219025       0.861803398874989       0.276393202250021     
   17.4034304486992       0.861803398874989       0.276393202250021     
   17.4034304486992       0.414589803375031       0.723606797749979     
   17.4034304486992       0.861803398874989       0.723606797749979     
   18.5340659573008       0.723606797749979       0.861803398874989     
   18.5340659573008       0.723606797749979       0.414589803375031     
   18.5340659573008       0.276393202250021       0.861803398874989     
   17.8352947840975       0.276393202250021       0.861803398874989     
   18.3181337896017       0.861803398874989       0.861803398874989     
   17.6193626163983       0.414589803375031       0.861803398874989     
   17.6193626163983       0.861803398874989       0.861803398874989     
   18.3181337896017       0.861803398874989       0.414589803375031     
   16.5397017783171       0.861803398874989       0.276393202250021     
   15.8409306055610       0.861803398874989       0.276393202250021     
   15.8409306055610       0.414589803375031       0.723606797749979     
   15.8409306055610       0.861803398874989       0.723606797749979     
   16.9715661134390       0.723606797749979       0.861803398874989     
   16.9715661134390       0.723606797749979       0.414589803375031     
   16.9715661134390       0.276393202250021       0.861803398874989     
   16.2727949406829       0.276393202250021       0.861803398874989     
   16.7556339458781       0.861803398874989       0.861803398874989     
   16.0568627731219       0.414589803375031       0.861803398874989     
   16.0568627731219       0.861803398874989       0.861803398874989     
   16.7556339458781       0.861803398874989       0.414589803375031     
   14.9772019349025       0.861803398874989       0.276393202250021     
   14.2784307616992       0.861803398874989       0.276393202250021     
   14.2784307616992       0.414589803375031       0.723606797749979     
   14.2784307616992       0.861803398874989       0.723606797749979     
   15.4090662703008       0.723606797749979       0.861803398874989     
   15.4090662703008       0.723606797749979       0.414589803375031     
   15.4090662703008       0.276393202250021       0.861803398874989     
   14.7102950970975       0.276393202250021       0.861803398874989     
   15.1931341026017       0.861803398874989       0.861803398874989     
   14.4943629293983       0.414589803375031       0.861803398874989     
   14.4943629293983       0.861803398874989       0.861803398874989     
   15.1931341026017       0.861803398874989       0.414589803375031     
   13.4147020909025       0.861803398874989       0.276393202250021     
   12.7159309176992       0.861803398874989       0.276393202250021     
   12.7159309176992       0.414589803375031       0.723606797749979     
   12.7159309176992       0.861803398874989       0.723606797749979     
   13.8465664263008       0.723606797749979       0.861803398874989     
   13.8465664263008       0.723606797749979       0.414589803375031     
   13.8465664263008       0.276393202250021       0.861803398874989     
   13.1477952530975       0.276393202250021       0.861803398874989     
   13.6306342586017       0.861803398874989       0.861803398874989     
   12.9318630853983       0.414589803375031       0.861803398874989     
   12.9318630853983       0.861803398874989       0.861803398874989     
   13.6306342586017       0.861803398874989       0.414589803375031     
   11.8522022469025       0.861803398874989       0.276393202250021     
   11.1534310736992       0.861803398874989       0.276393202250021     
   11.1534310736992       0.414589803375031       0.723606797749979     
   11.1534310736992       0.861803398874989       0.723606797749979     
   12.2840665823008       0.723606797749979       0.861803398874989     
   12.2840665823008       0.723606797749979       0.414589803375031     
   12.2840665823008       0.276393202250021       0.861803398874989     
   11.5852954090975       0.276393202250021       0.861803398874989     
   12.0681344146017       0.861803398874989       0.861803398874989     
   11.3693632413983       0.414589803375031       0.861803398874989     
   11.3693632413983       0.861803398874989       0.861803398874989     
   12.0681344146017       0.861803398874989       0.414589803375031     
   10.2897024031098       0.861803398874989       0.276393202250021     
   9.59093123013006       0.861803398874989       0.276393202250021     
   9.59093123013006       0.414589803375031       0.723606797749979     
   9.59093123013006       0.861803398874989       0.723606797749979     
   10.7215667383699       0.723606797749979       0.861803398874989     
   10.7215667383699       0.723606797749979       0.414589803375031     
   10.7215667383699       0.276393202250021       0.861803398874989     
   10.0227955653902       0.276393202250021       0.861803398874989     
   10.5056345707399       0.861803398874989       0.861803398874989     
   9.80686339776012       0.414589803375031       0.861803398874989     
   9.80686339776012       0.861803398874989       0.861803398874989     
   10.5056345707399       0.861803398874989       0.414589803375031     
   8.72720255952690       0.861803398874989       0.276393202250021     
   8.02843138645770       0.861803398874989       0.276393202250021     
   8.02843138645770       0.414589803375031       0.723606797749979     
   8.02843138645770       0.861803398874989       0.723606797749979     
   9.15906689484230       0.723606797749979       0.861803398874989     
   9.15906689484230       0.723606797749979       0.414589803375031     
   9.15906689484230       0.276393202250021       0.861803398874989     
   8.46029572177310       0.276393202250021       0.861803398874989     
   8.94313472718460       0.861803398874989       0.861803398874989     
   8.24436355411540       0.414589803375031       0.861803398874989     
   8.24436355411540       0.861803398874989       0.861803398874989     
   8.94313472718460       0.861803398874989       0.414589803375031     
   7.16470271578544       0.861803398874989       0.276393202250021     
   6.46593154267152       0.861803398874989       0.276393202250021     
   6.46593154267152       0.414589803375031       0.723606797749979     
   6.46593154267152       0.861803398874989       0.723606797749979     
   7.59656705112848       0.723606797749979       0.861803398874989     
   7.59656705112848       0.723606797749979       0.414589803375031     
   7.59656705112848       0.276393202250021       0.861803398874989     
   6.89779587801456       0.276393202250021       0.861803398874989     
   7.38063488345696       0.861803398874989       0.861803398874989     
   6.68186371034304       0.414589803375031       0.861803398874989     
   6.68186371034304       0.861803398874989       0.861803398874989     
   7.38063488345696       0.861803398874989       0.414589803375031     
   5.60220287202690       0.861803398874989       0.276393202250021     
   4.90343169895770       0.861803398874989       0.276393202250021     
   4.90343169895770       0.414589803375031       0.723606797749979     
   4.90343169895770       0.861803398874989       0.723606797749979     
   6.03406720734230       0.723606797749979       0.861803398874989     
   6.03406720734230       0.723606797749979       0.414589803375031     
   6.03406720734230       0.276393202250021       0.861803398874989     
   5.33529603427310       0.276393202250021       0.861803398874989     
   5.81813503968460       0.861803398874989       0.861803398874989     
   5.11936386661540       0.414589803375031       0.861803398874989     
   5.11936386661540       0.861803398874989       0.861803398874989     
   5.81813503968460       0.861803398874989       0.414589803375031     
   4.03970302828544       0.861803398874989       0.276393202250021     
   3.34093185517152       0.861803398874989       0.276393202250021     
   3.34093185517152       0.414589803375031       0.723606797749979     
   3.34093185517152       0.861803398874989       0.723606797749979     
   4.47156736362848       0.723606797749979       0.861803398874989     
   4.47156736362848       0.723606797749979       0.414589803375031     
   4.47156736362848       0.276393202250021       0.861803398874989     
   3.77279619051456       0.276393202250021       0.861803398874989     
   4.25563519595696       0.861803398874989       0.861803398874989     
   3.55686402284304       0.414589803375031       0.861803398874989     
   3.55686402284304       0.861803398874989       0.861803398874989     
   4.25563519595696       0.861803398874989       0.414589803375031     
   2.47720318452690       0.861803398874989       0.276393202250021     
   1.77843201145770       0.861803398874989       0.276393202250021     
   1.77843201145770       0.414589803375031       0.723606797749979     
   1.77843201145770       0.861803398874989       0.723606797749979     
   2.90906751984230       0.723606797749979       0.861803398874989     
   2.90906751984230       0.723606797749979       0.414589803375031     
   2.90906751984230       0.276393202250021       0.861803398874989     
   2.21029634677310       0.276393202250021       0.861803398874989     
   2.69313535218460       0.861803398874989       0.861803398874989     
   1.99436417911540       0.414589803375031       0.861803398874989     
   1.99436417911540       0.861803398874989       0.861803398874989     
   2.69313535218460       0.861803398874989       0.414589803375031     
  0.914703340785440       0.861803398874989       0.276393202250021     
  0.215932167671520       0.861803398874989       0.276393202250021     
  0.215932167671520       0.414589803375031       0.723606797749979     
  0.215932167671520       0.861803398874989       0.723606797749979     
   1.34656767612848       0.723606797749979       0.861803398874989     
   1.34656767612848       0.723606797749979       0.414589803375031     
   1.34656767612848       0.276393202250021       0.861803398874989     
  0.647796503014559       0.276393202250021       0.861803398874989     
   1.13063550845696       0.861803398874989       0.861803398874989     
  0.431864335343039       0.414589803375031       0.861803398874989     
  0.431864335343040       0.861803398874989       0.861803398874989     
   1.13063550845696       0.861803398874989       0.414589803375031     
   24.3522024604280       0.138196601125011       0.138196601125011     
   23.6534301691907       0.138196601125011       0.138196601125011     
   23.6534301691907       0.138196601125011       0.585410196624969     
   23.6534301691907       0.585410196624969       0.138196601125011     
   24.7840674868093       0.723606797749979       0.138196601125011     
   24.7840674868093       0.276393202250021       0.138196601125011     
   24.7840674868093       0.276393202250021       0.585410196624969     
   24.0852951955720       0.723606797749979       0.138196601125011     
   24.5681349736187       0.138196601125011       0.723606797749979     
   23.8693626823813       0.138196601125011       0.723606797749979     
   23.8693626823813       0.585410196624969       0.276393202250021     
   24.5681349736187       0.138196601125011       0.276393202250021     
   23.2215654884390       0.585410196624968       0.138196601125011     
   23.2215654884390       0.138196601125010       0.138196601125011     
   23.2215654884390       0.138196601125010       0.585410196624969     
   22.5227943156829       0.138196601125010       0.138196601125011     
   22.7897011533171       0.723606797749979       0.138196601125011     
   22.0909299805610       0.723606797749979       0.138196601125011     
   22.0909299805610       0.276393202250021       0.138196601125011     
   22.0909299805610       0.276393202250021       0.585410196624969     
   23.0056333208781       0.138196601125011       0.723606797749979     
   22.3068621481219       0.138196601125011       0.276393202250021     
   22.3068621481219       0.138196601125011       0.723606797749979     
   23.0056333208781       0.585410196624969       0.276393202250021     
   21.6590656453008       0.585410196624968       0.138196601125011     
   21.6590656453008       0.138196601125010       0.138196601125011     
   21.6590656453008       0.138196601125010       0.585410196624969     
   20.9602944720975       0.138196601125010       0.138196601125011     
   21.2272013099025       0.723606797749979       0.138196601125011     
   20.5284301366992       0.723606797749979       0.138196601125011     
   20.5284301366992       0.276393202250021       0.138196601125011     
   20.5284301366992       0.276393202250021       0.585410196624969     
   21.4431334776017       0.138196601125011       0.723606797749979     
   20.7443623043983       0.138196601125011       0.276393202250021     
   20.7443623043983       0.138196601125011       0.723606797749979     
   21.4431334776017       0.585410196624969       0.276393202250021     
   20.0965658013008       0.585410196624968       0.138196601125011     
   20.0965658013008       0.138196601125010       0.138196601125011     
   20.0965658013008       0.138196601125010       0.585410196624969     
   19.3977946280975       0.138196601125010       0.138196601125011     
   19.6647014659025       0.723606797749979       0.138196601125011     
   18.9659302926992       0.723606797749979       0.138196601125011     
   18.9659302926992       0.276393202250021       0.138196601125011     
   18.9659302926992       0.276393202250021       0.585410196624969     
   19.8806336336017       0.138196601125011       0.723606797749979     
   19.1818624603983       0.138196601125011       0.276393202250021     
   19.1818624603983       0.138196601125011       0.723606797749979     
   19.8806336336017       0.585410196624969       0.276393202250021     
   18.5340659573008       0.585410196624968       0.138196601125011     
   18.5340659573008       0.138196601125010       0.138196601125011     
   18.5340659573008       0.138196601125010       0.585410196624969     
   17.8352947840975       0.138196601125010       0.138196601125011     
   18.1022016219025       0.723606797749979       0.138196601125011     
   17.4034304486992       0.723606797749979       0.138196601125011     
   17.4034304486992       0.276393202250021       0.138196601125011     
   17.4034304486992       0.276393202250021       0.585410196624969     
   18.3181337896017       0.138196601125011       0.723606797749979     
   17.6193626163983       0.138196601125011       0.276393202250021     
   17.6193626163983       0.138196601125011       0.723606797749979     
   18.3181337896017       0.585410196624969       0.276393202250021     
   16.9715661134390       0.585410196624968       0.138196601125011     
   16.9715661134390       0.138196601125010       0.138196601125011     
   16.9715661134390       0.138196601125010       0.585410196624969     
   16.2727949406829       0.138196601125010       0.138196601125011     
   16.5397017783171       0.723606797749979       0.138196601125011     
   15.8409306055610       0.723606797749979       0.138196601125011     
   15.8409306055610       0.276393202250021       0.138196601125011     
   15.8409306055610       0.276393202250021       0.585410196624969     
   16.7556339458781       0.138196601125011       0.723606797749979     
   16.0568627731219       0.138196601125011       0.276393202250021     
   16.0568627731219       0.138196601125011       0.723606797749979     
   16.7556339458781       0.585410196624969       0.276393202250021     
   15.4090662703008       0.585410196624968       0.138196601125011     
   15.4090662703008       0.138196601125010       0.138196601125011     
   15.4090662703008       0.138196601125010       0.585410196624969     
   14.7102950970975       0.138196601125010       0.138196601125011     
   14.9772019349025       0.723606797749979       0.138196601125011     
   14.2784307616992       0.723606797749979       0.138196601125011     
   14.2784307616992       0.276393202250021       0.138196601125011     
   14.2784307616992       0.276393202250021       0.585410196624969     
   15.1931341026017       0.138196601125011       0.723606797749979     
   14.4943629293983       0.138196601125011       0.276393202250021     
   14.4943629293983       0.138196601125011       0.723606797749979     
   15.1931341026017       0.585410196624969       0.276393202250021     
   13.8465664263008       0.585410196624968       0.138196601125011     
   13.8465664263008       0.138196601125010       0.138196601125011     
   13.8465664263008       0.138196601125010       0.585410196624969     
   13.1477952530975       0.138196601125010       0.138196601125011     
   13.4147020909025       0.723606797749979       0.138196601125011     
   12.7159309176992       0.723606797749979       0.138196601125011     
   12.7159309176992       0.276393202250021       0.138196601125011     
   12.7159309176992       0.276393202250021       0.585410196624969     
   13.6306342586017       0.138196601125011       0.723606797749979     
   12.9318630853983       0.138196601125011       0.276393202250021     
   12.9318630853983       0.138196601125011       0.723606797749979     
   13.6306342586017       0.585410196624969       0.276393202250021     
   12.2840665823008       0.585410196624968       0.138196601125011     
   12.2840665823008       0.138196601125010       0.138196601125011     
   12.2840665823008       0.138196601125010       0.585410196624969     
   11.5852954090975       0.138196601125010       0.138196601125011     
   11.8522022469025       0.723606797749979       0.138196601125011     
   11.1534310736992       0.723606797749979       0.138196601125011     
   11.1534310736992       0.276393202250021       0.138196601125011     
   11.1534310736992       0.276393202250021       0.585410196624969     
   12.0681344146017       0.138196601125011       0.723606797749979     
   11.3693632413983       0.138196601125011       0.276393202250021     
   11.3693632413983       0.138196601125011       0.723606797749979     
   12.0681344146017       0.585410196624969       0.276393202250021     
   10.7215667383699       0.585410196624968       0.138196601125011     
   10.7215667383699       0.138196601125010       0.138196601125011     
   10.7215667383699       0.138196601125010       0.585410196624969     
   10.0227955653902       0.138196601125010       0.138196601125011     
   10.2897024031098       0.723606797749979       0.138196601125011     
   9.59093123013006       0.723606797749979       0.138196601125011     
   9.59093123013006       0.276393202250021       0.138196601125011     
   9.59093123013006       0.276393202250021       0.585410196624969     
   10.5056345707399       0.138196601125011       0.723606797749979     
   9.80686339776012       0.138196601125011       0.276393202250021     
   9.80686339776012       0.138196601125011       0.723606797749979     
   10.5056345707399       0.585410196624969       0.276393202250021     
   9.15906689484230       0.585410196624968       0.138196601125011     
   9.15906689484230       0.138196601125010       0.138196601125011     
   9.15906689484230       0.138196601125010       0.585410196624969     
   8.46029572177310       0.138196601125010       0.138196601125011     
   8.72720255952690       0.723606797749979       0.138196601125011     
   8.02843138645770       0.723606797749979       0.138196601125011     
   8.02843138645770       0.276393202250021       0.138196601125011     
   8.02843138645770       0.276393202250021       0.585410196624969     
   8.94313472718460       0.138196601125011       0.723606797749979     
   8.24436355411540       0.138196601125011       0.276393202250021     
   8.24436355411540       0.138196601125011       0.723606797749979     
   8.94313472718460       0.585410196624969       0.276393202250021     
   7.59656705112848       0.585410196624968       0.138196601125011     
   7.59656705112848       0.138196601125010       0.138196601125011     
   7.59656705112848       0.138196601125010       0.585410196624969     
   6.89779587801456       0.138196601125010       0.138196601125011     
   7.16470271578544       0.723606797749979       0.138196601125011     
   6.46593154267152       0.723606797749979       0.138196601125011     
   6.46593154267152       0.276393202250021       0.138196601125011     
   6.46593154267152       0.276393202250021       0.585410196624969     
   7.38063488345696       0.138196601125011       0.723606797749979     
   6.68186371034304       0.138196601125011       0.276393202250021     
   6.68186371034304       0.138196601125011       0.723606797749979     
   7.38063488345696       0.585410196624969       0.276393202250021     
   6.03406720734230       0.585410196624968       0.138196601125011     
   6.03406720734230       0.138196601125010       0.138196601125011     
   6.03406720734230       0.138196601125010       0.585410196624969     
   5.33529603427310       0.138196601125010       0.138196601125011     
   5.60220287202690       0.723606797749979       0.138196601125011     
   4.90343169895770       0.723606797749979       0.138196601125011     
   4.90343169895770       0.276393202250021       0.138196601125011     
   4.90343169895770       0.276393202250021       0.585410196624969     
   5.81813503968460       0.138196601125011       0.723606797749979     
   5.11936386661540       0.138196601125011       0.276393202250021     
   5.11936386661540       0.138196601125011       0.723606797749979     
   5.81813503968460       0.585410196624969       0.276393202250021     
   4.47156736362848       0.585410196624968       0.138196601125011     
   4.47156736362848       0.138196601125010       0.138196601125011     
   4.47156736362848       0.138196601125010       0.585410196624969     
   3.77279619051456       0.138196601125010       0.138196601125011     
   4.03970302828544       0.723606797749979       0.138196601125011     
   3.34093185517152       0.723606797749979       0.138196601125011     
   3.34093185517152       0.276393202250021       0.138196601125011     
   3.34093185517152       0.276393202250021       0.585410196624969     
   4.25563519595696       0.138196601125011       0.723606797749979     
   3.55686402284304       0.138196601125011       0.276393202250021     
   3.55686402284304       0.138196601125011       0.723606797749979     
   4.25563519595696       0.585410196624969       0.276393202250021     
   2.90906751984230       0.585410196624968       0.138196601125011     
   2.90906751984230       0.138196601125010       0.138196601125011     
   2.90906751984230       0.138196601125010       0.585410196624969     
   2.21029634677310       0.138196601125010       0.138196601125011     
   2.47720318452690       0.723606797749979       0.138196601125011     
   1.77843201145770       0.723606797749979       0.138196601125011     
   1.77843201145770       0.276393202250021       0.138196601125011     
   1.77843201145770       0.276393202250021       0.585410196624969     
   2.69313535218460       0.138196601125011       0.723606797749979     
   1.99436417911540       0.138196601125011       0.276393202250021     
   1.99436417911540       0.138196601125011       0.723606797749979     
   2.69313535218460       0.585410196624969       0.276393202250021     
   1.34656767612848       0.585410196624968       0.138196601125011     
   1.34656767612848       0.138196601125010       0.138196601125011     
   1.34656767612848       0.138196601125010       0.585410196624969     
  0.647796503014559       0.138196601125010       0.138196601125011     
  0.914703340785440       0.723606797749979       0.138196601125011     
  0.215932167671520       0.723606797749979       0.138196601125011     
  0.215932167671520       0.276393202250021       0.138196601125011     
  0.215932167671520       0.276393202250021       0.585410196624969     
   1.13063550845696       0.138196601125011       0.723606797749979     
  0.431864335343039       0.138196601125011       0.276393202250021     
  0.431864335343040       0.138196601125011       0.723606797749979     
   1.13063550845696       0.585410196624969       0.276393202250021     