 24.8046872070000       0.875000000000000       0.750000000000000     
   24.8046872070000       0.875000000000000       0.250000000000000     
   24.8046872070000       0.375000000000000       0.750000000000000     
   24.0234360350000       0.875000000000000       0.250000000000000     
   24.8046872070000       0.750000000000000       0.625000000000000     
   24.4140616210000       0.750000000000000       0.375000000000000     
   24.6093744140000       0.875000000000000       0.375000000000000     
   24.6093744140000       0.625000000000000       0.625000000000000     
   24.6093744140000       0.875000000000000       0.875000000000000     
   24.6093744140000       0.375000000000000       0.875000000000000     
   23.8281232420000       0.875000000000000       0.875000000000000     
   23.8281232420000       0.875000000000000       0.375000000000000     
   24.4140616210000       0.750000000000000       0.875000000000000     
   24.0234360350000       0.750000000000000       0.625000000000000     
   24.4140616210000       0.625000000000000       0.750000000000000     
   24.0234360350000       0.875000000000000       0.750000000000000     
   23.6328104490000       0.750000000000000       0.875000000000000     
   23.6328104490000       0.250000000000000       0.875000000000000     
   23.6328104490000       0.750000000000000       0.375000000000000     
   24.4140616210000       0.250000000000000       0.875000000000000     
   23.6328104490000       0.625000000000000       0.750000000000000     
   24.0234360350000       0.375000000000000       0.750000000000000     
   23.8281232420000       0.375000000000000       0.875000000000000     
   23.8281232420000       0.625000000000000       0.625000000000000     
   22.8515602148750       0.875000000000000       0.250000000000000     
   22.0703102933750       0.875000000000000       0.250000000000000     
   22.0703102933750       0.375000000000000       0.750000000000000     
   22.0703102933750       0.875000000000000       0.750000000000000     
   22.4609352541250       0.750000000000000       0.375000000000000     
   22.0703102933750       0.750000000000000       0.625000000000000     
   22.2656227737500       0.875000000000000       0.375000000000000     
   22.2656227737500       0.625000000000000       0.625000000000000     
   23.2421851756250       0.750000000000000       0.875000000000000     
   23.2421851756250       0.750000000000000       0.375000000000000     
   23.2421851756250       0.250000000000000       0.875000000000000     
   22.4609352541250       0.250000000000000       0.875000000000000     
   23.2421851756250       0.625000000000000       0.750000000000000     
   22.8515602148750       0.375000000000000       0.750000000000000     
   23.0468726952500       0.625000000000000       0.625000000000000     
   23.0468726952500       0.375000000000000       0.875000000000000     
   23.0468726952500       0.875000000000000       0.875000000000000     
   22.2656227737500       0.375000000000000       0.875000000000000     
   22.2656227737500       0.875000000000000       0.875000000000000     
   23.0468726952500       0.875000000000000       0.375000000000000     
   22.6562477345000       0.750000000000000       0.875000000000000     
   22.6562477345000       0.750000000000000       0.625000000000000     
   22.6562477345000       0.625000000000000       0.750000000000000     
   22.6562477345000       0.875000000000000       0.750000000000000     
   21.2890603715000       0.875000000000000       0.250000000000000     
   20.5078104495000       0.875000000000000       0.250000000000000     
   20.5078104495000       0.375000000000000       0.750000000000000     
   20.5078104495000       0.875000000000000       0.750000000000000     
   20.8984354105000       0.750000000000000       0.375000000000000     
   20.5078104495000       0.750000000000000       0.625000000000000     
   20.7031229300000       0.875000000000000       0.375000000000000     
   20.7031229300000       0.625000000000000       0.625000000000000     
   21.6796853325000       0.750000000000000       0.875000000000000     
   21.6796853325000       0.750000000000000       0.375000000000000     
   21.6796853325000       0.250000000000000       0.875000000000000     
   20.8984354105000       0.250000000000000       0.875000000000000     
   21.6796853325000       0.625000000000000       0.750000000000000     
   21.2890603715000       0.375000000000000       0.750000000000000     
   21.4843728520000       0.625000000000000       0.625000000000000     
   21.4843728520000       0.375000000000000       0.875000000000000     
   21.4843728520000       0.875000000000000       0.875000000000000     
   20.7031229300000       0.375000000000000       0.875000000000000     
   20.7031229300000       0.875000000000000       0.875000000000000     
   21.4843728520000       0.875000000000000       0.375000000000000     
   21.0937478910000       0.750000000000000       0.875000000000000     
   21.0937478910000       0.750000000000000       0.625000000000000     
   21.0937478910000       0.625000000000000       0.750000000000000     
   21.0937478910000       0.875000000000000       0.750000000000000     
   19.7265605275000       0.875000000000000       0.250000000000000     
   18.9453106055000       0.875000000000000       0.250000000000000     
   18.9453106055000       0.375000000000000       0.750000000000000     
   18.9453106055000       0.875000000000000       0.750000000000000     
   19.3359355665000       0.750000000000000       0.375000000000000     
   18.9453106055000       0.750000000000000       0.625000000000000     
   19.1406230860000       0.875000000000000       0.375000000000000     
   19.1406230860000       0.625000000000000       0.625000000000000     
   20.1171854885000       0.750000000000000       0.875000000000000     
   20.1171854885000       0.750000000000000       0.375000000000000     
   20.1171854885000       0.250000000000000       0.875000000000000     
   19.3359355665000       0.250000000000000       0.875000000000000     
   20.1171854885000       0.625000000000000       0.750000000000000     
   19.7265605275000       0.375000000000000       0.750000000000000     
   19.9218730080000       0.625000000000000       0.625000000000000     
   19.9218730080000       0.375000000000000       0.875000000000000     
   19.9218730080000       0.875000000000000       0.875000000000000     
   19.1406230860000       0.375000000000000       0.875000000000000     
   19.1406230860000       0.875000000000000       0.875000000000000     
   19.9218730080000       0.875000000000000       0.375000000000000     
   19.5312480470000       0.750000000000000       0.875000000000000     
   19.5312480470000       0.750000000000000       0.625000000000000     
   19.5312480470000       0.625000000000000       0.750000000000000     
   19.5312480470000       0.875000000000000       0.750000000000000     
   18.1640606835000       0.875000000000000       0.250000000000000     
   17.3828107615000       0.875000000000000       0.250000000000000     
   17.3828107615000       0.375000000000000       0.750000000000000     
   17.3828107615000       0.875000000000000       0.750000000000000     
   17.7734357225000       0.750000000000000       0.375000000000000     
   17.3828107615000       0.750000000000000       0.625000000000000     
   17.5781232420000       0.875000000000000       0.375000000000000     
   17.5781232420000       0.625000000000000       0.625000000000000     
   18.5546856445000       0.750000000000000       0.875000000000000     
   18.5546856445000       0.750000000000000       0.375000000000000     
   18.5546856445000       0.250000000000000       0.875000000000000     
   17.7734357225000       0.250000000000000       0.875000000000000     
   18.5546856445000       0.625000000000000       0.750000000000000     
   18.1640606835000       0.375000000000000       0.750000000000000     
   18.3593731640000       0.625000000000000       0.625000000000000     
   18.3593731640000       0.375000000000000       0.875000000000000     
   18.3593731640000       0.875000000000000       0.875000000000000     
   17.5781232420000       0.375000000000000       0.875000000000000     
   17.5781232420000       0.875000000000000       0.875000000000000     
   18.3593731640000       0.875000000000000       0.375000000000000     
   17.9687482030000       0.750000000000000       0.875000000000000     
   17.9687482030000       0.750000000000000       0.625000000000000     
   17.9687482030000       0.625000000000000       0.750000000000000     
   17.9687482030000       0.875000000000000       0.750000000000000     
   16.6015608398750       0.875000000000000       0.250000000000000     
   15.8203109183750       0.875000000000000       0.250000000000000     
   15.8203109183750       0.375000000000000       0.750000000000000     
   15.8203109183750       0.875000000000000       0.750000000000000     
   16.2109358791250       0.750000000000000       0.375000000000000     
   15.8203109183750       0.750000000000000       0.625000000000000     
   16.0156233987500       0.875000000000000       0.375000000000000     
   16.0156233987500       0.625000000000000       0.625000000000000     
   16.9921858006250       0.750000000000000       0.875000000000000     
   16.9921858006250       0.750000000000000       0.375000000000000     
   16.9921858006250       0.250000000000000       0.875000000000000     
   16.2109358791250       0.250000000000000       0.875000000000000     
   16.9921858006250       0.625000000000000       0.750000000000000     
   16.6015608398750       0.375000000000000       0.750000000000000     
   16.7968733202500       0.625000000000000       0.625000000000000     
   16.7968733202500       0.375000000000000       0.875000000000000     
   16.7968733202500       0.875000000000000       0.875000000000000     
   16.0156233987500       0.375000000000000       0.875000000000000     
   16.0156233987500       0.875000000000000       0.875000000000000     
   16.7968733202500       0.875000000000000       0.375000000000000     
   16.4062483595000       0.750000000000000       0.875000000000000     
   16.4062483595000       0.750000000000000       0.625000000000000     
   16.4062483595000       0.625000000000000       0.750000000000000     
   16.4062483595000       0.875000000000000       0.750000000000000     
   15.0390609965000       0.875000000000000       0.250000000000000     
   14.2578110745000       0.875000000000000       0.250000000000000     
   14.2578110745000       0.375000000000000       0.750000000000000     
   14.2578110745000       0.875000000000000       0.750000000000000     
   14.6484360355000       0.750000000000000       0.375000000000000     
   14.2578110745000       0.750000000000000       0.625000000000000     
   14.4531235550000       0.875000000000000       0.375000000000000     
   14.4531235550000       0.625000000000000       0.625000000000000     
   15.4296859575000       0.750000000000000       0.875000000000000     
   15.4296859575000       0.750000000000000       0.375000000000000     
   15.4296859575000       0.250000000000000       0.875000000000000     
   14.6484360355000       0.250000000000000       0.875000000000000     
   15.4296859575000       0.625000000000000       0.750000000000000     
   15.0390609965000       0.375000000000000       0.750000000000000     
   15.2343734770000       0.625000000000000       0.625000000000000     
   15.2343734770000       0.375000000000000       0.875000000000000     
   15.2343734770000       0.875000000000000       0.875000000000000     
   14.4531235550000       0.375000000000000       0.875000000000000     
   14.4531235550000       0.875000000000000       0.875000000000000     
   15.2343734770000       0.875000000000000       0.375000000000000     
   14.8437485160000       0.750000000000000       0.875000000000000     
   14.8437485160000       0.750000000000000       0.625000000000000     
   14.8437485160000       0.625000000000000       0.750000000000000     
   14.8437485160000       0.875000000000000       0.750000000000000     
   13.4765611525000       0.875000000000000       0.250000000000000     
   12.6953112305000       0.875000000000000       0.250000000000000     
   12.6953112305000       0.375000000000000       0.750000000000000     
   12.6953112305000       0.875000000000000       0.750000000000000     
   13.0859361915000       0.750000000000000       0.375000000000000     
   12.6953112305000       0.750000000000000       0.625000000000000     
   12.8906237110000       0.875000000000000       0.375000000000000     
   12.8906237110000       0.625000000000000       0.625000000000000     
   13.8671861135000       0.750000000000000       0.875000000000000     
   13.8671861135000       0.750000000000000       0.375000000000000     
   13.8671861135000       0.250000000000000       0.875000000000000     
   13.0859361915000       0.250000000000000       0.875000000000000     
   13.8671861135000       0.625000000000000       0.750000000000000     
   13.4765611525000       0.375000000000000       0.750000000000000     
   13.6718736330000       0.625000000000000       0.625000000000000     
   13.6718736330000       0.375000000000000       0.875000000000000     
   13.6718736330000       0.875000000000000       0.875000000000000     
   12.8906237110000       0.375000000000000       0.875000000000000     
   12.8906237110000       0.875000000000000       0.875000000000000     
   13.6718736330000       0.875000000000000       0.375000000000000     
   13.2812486720000       0.750000000000000       0.875000000000000     
   13.2812486720000       0.750000000000000       0.625000000000000     
   13.2812486720000       0.625000000000000       0.750000000000000     
   13.2812486720000       0.875000000000000       0.750000000000000     
   11.9140613085000       0.875000000000000       0.250000000000000     
   11.1328113865000       0.875000000000000       0.250000000000000     
   11.1328113865000       0.375000000000000       0.750000000000000     
   11.1328113865000       0.875000000000000       0.750000000000000     
   11.5234363475000       0.750000000000000       0.375000000000000     
   11.1328113865000       0.750000000000000       0.625000000000000     
   11.3281238670000       0.875000000000000       0.375000000000000     
   11.3281238670000       0.625000000000000       0.625000000000000     
   12.3046862695000       0.750000000000000       0.875000000000000     
   12.3046862695000       0.750000000000000       0.375000000000000     
   12.3046862695000       0.250000000000000       0.875000000000000     
   11.5234363475000       0.250000000000000       0.875000000000000     
   12.3046862695000       0.625000000000000       0.750000000000000     
   11.9140613085000       0.375000000000000       0.750000000000000     
   12.1093737890000       0.625000000000000       0.625000000000000     
   12.1093737890000       0.375000000000000       0.875000000000000     
   12.1093737890000       0.875000000000000       0.875000000000000     
   11.3281238670000       0.375000000000000       0.875000000000000     
   11.3281238670000       0.875000000000000       0.875000000000000     
   12.1093737890000       0.875000000000000       0.375000000000000     
   11.7187488280000       0.750000000000000       0.875000000000000     
   11.7187488280000       0.750000000000000       0.625000000000000     
   11.7187488280000       0.625000000000000       0.750000000000000     
   11.7187488280000       0.875000000000000       0.750000000000000     
   10.3515614646875       0.875000000000000       0.250000000000000     
   9.57031154293750       0.875000000000000       0.250000000000000     
   9.57031154293750       0.375000000000000       0.750000000000000     
   9.57031154293750       0.875000000000000       0.750000000000000     
   9.96093650381250       0.750000000000000       0.375000000000000     
   9.57031154293750       0.750000000000000       0.625000000000000     
   9.76562402337500       0.875000000000000       0.375000000000000     
   9.76562402337500       0.625000000000000       0.625000000000000     
   10.7421864255625       0.750000000000000       0.875000000000000     
   10.7421864255625       0.750000000000000       0.375000000000000     
   10.7421864255625       0.250000000000000       0.875000000000000     
   9.96093650381250       0.250000000000000       0.875000000000000     
   10.7421864255625       0.625000000000000       0.750000000000000     
   10.3515614646875       0.375000000000000       0.750000000000000     
   10.5468739451250       0.625000000000000       0.625000000000000     
   10.5468739451250       0.375000000000000       0.875000000000000     
   10.5468739451250       0.875000000000000       0.875000000000000     
   9.76562402337500       0.375000000000000       0.875000000000000     
   9.76562402337500       0.875000000000000       0.875000000000000     
   10.5468739451250       0.875000000000000       0.375000000000000     
   10.1562489842500       0.750000000000000       0.875000000000000     
   10.1562489842500       0.750000000000000       0.625000000000000     
   10.1562489842500       0.625000000000000       0.750000000000000     
   10.1562489842500       0.875000000000000       0.750000000000000     
   8.78906162111250       0.875000000000000       0.250000000000000     
   8.00781169926250       0.875000000000000       0.250000000000000     
   8.00781169926250       0.375000000000000       0.750000000000000     
   8.00781169926250       0.875000000000000       0.750000000000000     
   8.39843666018750       0.750000000000000       0.375000000000000     
   8.00781169926250       0.750000000000000       0.625000000000000     
   8.20312417972500       0.875000000000000       0.375000000000000     
   8.20312417972500       0.625000000000000       0.625000000000000     
   9.17968658203750       0.750000000000000       0.875000000000000     
   9.17968658203750       0.750000000000000       0.375000000000000     
   9.17968658203750       0.250000000000000       0.875000000000000     
   8.39843666018750       0.250000000000000       0.875000000000000     
   9.17968658203750       0.625000000000000       0.750000000000000     
   8.78906162111250       0.375000000000000       0.750000000000000     
   8.98437410157500       0.625000000000000       0.625000000000000     
   8.98437410157500       0.375000000000000       0.875000000000000     
   8.98437410157500       0.875000000000000       0.875000000000000     
   8.20312417972500       0.375000000000000       0.875000000000000     
   8.20312417972500       0.875000000000000       0.875000000000000     
   8.98437410157500       0.875000000000000       0.375000000000000     
   8.59374914065000       0.750000000000000       0.875000000000000     
   8.59374914065000       0.750000000000000       0.625000000000000     
   8.59374914065000       0.625000000000000       0.750000000000000     
   8.59374914065000       0.875000000000000       0.750000000000000     
   7.22656177737500       0.875000000000000       0.250000000000000     
   6.44531185547500       0.875000000000000       0.250000000000000     
   6.44531185547500       0.375000000000000       0.750000000000000     
   6.44531185547500       0.875000000000000       0.750000000000000     
   6.83593681642500       0.750000000000000       0.375000000000000     
   6.44531185547500       0.750000000000000       0.625000000000000     
   6.64062433595000       0.875000000000000       0.375000000000000     
   6.64062433595000       0.625000000000000       0.625000000000000     
   7.61718673832500       0.750000000000000       0.875000000000000     
   7.61718673832500       0.750000000000000       0.375000000000000     
   7.61718673832500       0.250000000000000       0.875000000000000     
   6.83593681642500       0.250000000000000       0.875000000000000     
   7.61718673832500       0.625000000000000       0.750000000000000     
   7.22656177737500       0.375000000000000       0.750000000000000     
   7.42187425785000       0.625000000000000       0.625000000000000     
   7.42187425785000       0.375000000000000       0.875000000000000     
   7.42187425785000       0.875000000000000       0.875000000000000     
   6.64062433595000       0.375000000000000       0.875000000000000     
   6.64062433595000       0.875000000000000       0.875000000000000     
   7.42187425785000       0.875000000000000       0.375000000000000     
   7.03124929690000       0.750000000000000       0.875000000000000     
   7.03124929690000       0.750000000000000       0.625000000000000     
   7.03124929690000       0.625000000000000       0.750000000000000     
   7.03124929690000       0.875000000000000       0.750000000000000     
   5.66406193361250       0.875000000000000       0.250000000000000     
   4.88281201176250       0.875000000000000       0.250000000000000     
   4.88281201176250       0.375000000000000       0.750000000000000     
   4.88281201176250       0.875000000000000       0.750000000000000     
   5.27343697268750       0.750000000000000       0.375000000000000     
   4.88281201176250       0.750000000000000       0.625000000000000     
   5.07812449222500       0.875000000000000       0.375000000000000     
   5.07812449222500       0.625000000000000       0.625000000000000     
   6.05468689453750       0.750000000000000       0.875000000000000     
   6.05468689453750       0.750000000000000       0.375000000000000     
   6.05468689453750       0.250000000000000       0.875000000000000     
   5.27343697268750       0.250000000000000       0.875000000000000     
   6.05468689453750       0.625000000000000       0.750000000000000     
   5.66406193361250       0.375000000000000       0.750000000000000     
   5.85937441407500       0.625000000000000       0.625000000000000     
   5.85937441407500       0.375000000000000       0.875000000000000     
   5.85937441407500       0.875000000000000       0.875000000000000     
   5.07812449222500       0.375000000000000       0.875000000000000     
   5.07812449222500       0.875000000000000       0.875000000000000     
   5.85937441407500       0.875000000000000       0.375000000000000     
   5.46874945315000       0.750000000000000       0.875000000000000     
   5.46874945315000       0.750000000000000       0.625000000000000     
   5.46874945315000       0.625000000000000       0.750000000000000     
   5.46874945315000       0.875000000000000       0.750000000000000     
   4.10156208987500       0.875000000000000       0.250000000000000     
   3.32031216797500       0.875000000000000       0.250000000000000     
   3.32031216797500       0.375000000000000       0.750000000000000     
   3.32031216797500       0.875000000000000       0.750000000000000     
   3.71093712892500       0.750000000000000       0.375000000000000     
   3.32031216797500       0.750000000000000       0.625000000000000     
   3.51562464845000       0.875000000000000       0.375000000000000     
   3.51562464845000       0.625000000000000       0.625000000000000     
   4.49218705082500       0.750000000000000       0.875000000000000     
   4.49218705082500       0.750000000000000       0.375000000000000     
   4.49218705082500       0.250000000000000       0.875000000000000     
   3.71093712892500       0.250000000000000       0.875000000000000     
   4.49218705082500       0.625000000000000       0.750000000000000     
   4.10156208987500       0.375000000000000       0.750000000000000     
   4.29687457035000       0.625000000000000       0.625000000000000     
   4.29687457035000       0.375000000000000       0.875000000000000     
   4.29687457035000       0.875000000000000       0.875000000000000     
   3.51562464845000       0.375000000000000       0.875000000000000     
   3.51562464845000       0.875000000000000       0.875000000000000     
   4.29687457035000       0.875000000000000       0.375000000000000     
   3.90624960940000       0.750000000000000       0.875000000000000     
   3.90624960940000       0.750000000000000       0.625000000000000     
   3.90624960940000       0.625000000000000       0.750000000000000     
   3.90624960940000       0.875000000000000       0.750000000000000     
   2.53906224611250       0.875000000000000       0.250000000000000     
   1.75781232426250       0.875000000000000       0.250000000000000     
   1.75781232426250       0.375000000000000       0.750000000000000     
   1.75781232426250       0.875000000000000       0.750000000000000     
   2.14843728518750       0.750000000000000       0.375000000000000     
   1.75781232426250       0.750000000000000       0.625000000000000     
   1.95312480472500       0.875000000000000       0.375000000000000     
   1.95312480472500       0.625000000000000       0.625000000000000     
   2.92968720703750       0.750000000000000       0.875000000000000     
   2.92968720703750       0.750000000000000       0.375000000000000     
   2.92968720703750       0.250000000000000       0.875000000000000     
   2.14843728518750       0.250000000000000       0.875000000000000     
   2.92968720703750       0.625000000000000       0.750000000000000     
   2.53906224611250       0.375000000000000       0.750000000000000     
   2.73437472657500       0.625000000000000       0.625000000000000     
   2.73437472657500       0.375000000000000       0.875000000000000     
   2.73437472657500       0.875000000000000       0.875000000000000     
   1.95312480472500       0.375000000000000       0.875000000000000     
   1.95312480472500       0.875000000000000       0.875000000000000     
   2.73437472657500       0.875000000000000       0.375000000000000     
   2.34374976565000       0.750000000000000       0.875000000000000     
   2.34374976565000       0.750000000000000       0.625000000000000     
   2.34374976565000       0.625000000000000       0.750000000000000     
   2.34374976565000       0.875000000000000       0.750000000000000     
  0.976562402375000       0.875000000000000       0.250000000000000     
  0.195312480475000       0.875000000000000       0.250000000000000     
  0.195312480475000       0.375000000000000       0.750000000000000     
  0.195312480475000       0.875000000000000       0.750000000000000     
  0.585937441425000       0.750000000000000       0.375000000000000     
  0.195312480475000       0.750000000000000       0.625000000000000     
  0.390624960950000       0.875000000000000       0.375000000000000     
  0.390624960950000       0.625000000000000       0.625000000000000     
   1.36718736332500       0.750000000000000       0.875000000000000     
   1.36718736332500       0.750000000000000       0.375000000000000     
   1.36718736332500       0.250000000000000       0.875000000000000     
  0.585937441425000       0.250000000000000       0.875000000000000     
   1.36718736332500       0.625000000000000       0.750000000000000     
  0.976562402375000       0.375000000000000       0.750000000000000     
   1.17187488285000       0.625000000000000       0.625000000000000     
   1.17187488285000       0.375000000000000       0.875000000000000     
   1.17187488285000       0.875000000000000       0.875000000000000     
  0.390624960950000       0.375000000000000       0.875000000000000     
  0.390624960950000       0.875000000000000       0.875000000000000     
   1.17187488285000       0.875000000000000       0.375000000000000     
  0.781249921900000       0.750000000000000       0.875000000000000     
  0.781249921900000       0.750000000000000       0.625000000000000     
  0.781249921900000       0.625000000000000       0.750000000000000     
  0.781249921900000       0.875000000000000       0.750000000000000     
   24.4140616210000       0.125000000000000       0.125000000000000     
   23.6328104490000       0.125000000000000       0.125000000000000     
   23.6328104490000       0.125000000000000       0.625000000000000     
   23.6328104490000       0.625000000000000       0.125000000000000     
   24.0234360350000       0.125000000000000       0.250000000000000     
   23.6328104490000       0.375000000000000       0.250000000000000     
   23.8281232420000       0.250000000000000       0.125000000000000     
   23.8281232420000       0.250000000000000       0.375000000000000     
   24.8046872070000       0.750000000000000       0.125000000000000     
   24.8046872070000       0.250000000000000       0.125000000000000     
   24.8046872070000       0.250000000000000       0.625000000000000     
   24.0234360350000       0.750000000000000       0.125000000000000     
   24.8046872070000       0.500000000000000       0.250000000000000     
   24.4140616210000       0.500000000000000       0.250000000000000     
   24.6093744140000       0.500000000000000       0.125000000000000     
   24.6093744140000       0.500000000000000       0.375000000000000     
   24.6093744140000       0.125000000000000       0.750000000000000     
   23.8281232420000       0.125000000000000       0.750000000000000     
   23.8281232420000       0.625000000000000       0.250000000000000     
   24.6093744140000       0.125000000000000       0.250000000000000     
   24.2187488280000       0.250000000000000       0.625000000000000     
   24.2187488280000       0.250000000000000       0.375000000000000     
   24.2187488280000       0.125000000000000       0.625000000000000     
   24.2187488280000       0.375000000000000       0.375000000000000     
   23.2421851756250       0.625000000000000       0.125000000000000     
   23.2421851756250       0.125000000000000       0.125000000000000     
   23.2421851756250       0.125000000000000       0.625000000000000     
   22.4609352541250       0.125000000000000       0.125000000000000     
   23.2421851756250       0.375000000000000       0.250000000000000     
   22.8515602148750       0.125000000000000       0.250000000000000     
   23.0468726952500       0.250000000000000       0.125000000000000     
   23.0468726952500       0.250000000000000       0.375000000000000     
   22.8515602148750       0.750000000000000       0.125000000000000     
   22.0703102933750       0.750000000000000       0.125000000000000     
   22.0703102933750       0.250000000000000       0.125000000000000     
   22.0703102933750       0.250000000000000       0.625000000000000     
   22.4609352541250       0.625000000000000       0.125000000000000     
   22.0703102933750       0.375000000000000       0.375000000000000     
   22.2656227737500       0.625000000000000       0.250000000000000     
   22.2656227737500       0.375000000000000       0.250000000000000     
   23.0468726952500       0.125000000000000       0.750000000000000     
   22.2656227737500       0.125000000000000       0.250000000000000     
   22.2656227737500       0.125000000000000       0.750000000000000     
   23.0468726952500       0.625000000000000       0.250000000000000     
   22.6562477345000       0.125000000000000       0.625000000000000     
   22.6562477345000       0.375000000000000       0.375000000000000     
   22.6562477345000       0.250000000000000       0.375000000000000     
   22.6562477345000       0.250000000000000       0.625000000000000     
   21.6796853325000       0.625000000000000       0.125000000000000     
   21.6796853325000       0.125000000000000       0.125000000000000     
   21.6796853325000       0.125000000000000       0.625000000000000     
   20.8984354105000       0.125000000000000       0.125000000000000     
   21.6796853325000       0.375000000000000       0.250000000000000     
   21.2890603715000       0.125000000000000       0.250000000000000     
   21.4843728520000       0.250000000000000       0.125000000000000     
   21.4843728520000       0.250000000000000       0.375000000000000     
   21.2890603715000       0.750000000000000       0.125000000000000     
   20.5078104495000       0.750000000000000       0.125000000000000     
   20.5078104495000       0.250000000000000       0.125000000000000     
   20.5078104495000       0.250000000000000       0.625000000000000     
   20.8984354105000       0.625000000000000       0.125000000000000     
   20.5078104495000       0.375000000000000       0.375000000000000     
   20.7031229300000       0.625000000000000       0.250000000000000     
   20.7031229300000       0.375000000000000       0.250000000000000     
   21.4843728520000       0.125000000000000       0.750000000000000     
   20.7031229300000       0.125000000000000       0.250000000000000     
   20.7031229300000       0.125000000000000       0.750000000000000     
   21.4843728520000       0.625000000000000       0.250000000000000     
   21.0937478910000       0.125000000000000       0.625000000000000     
   21.0937478910000       0.375000000000000       0.375000000000000     
   21.0937478910000       0.250000000000000       0.375000000000000     
   21.0937478910000       0.250000000000000       0.625000000000000     
   20.1171854885000       0.625000000000000       0.125000000000000     
   20.1171854885000       0.125000000000000       0.125000000000000     
   20.1171854885000       0.125000000000000       0.625000000000000     
   19.3359355665000       0.125000000000000       0.125000000000000     
   20.1171854885000       0.375000000000000       0.250000000000000     
   19.7265605275000       0.125000000000000       0.250000000000000     
   19.9218730080000       0.250000000000000       0.125000000000000     
   19.9218730080000       0.250000000000000       0.375000000000000     
   19.7265605275000       0.750000000000000       0.125000000000000     
   18.9453106055000       0.750000000000000       0.125000000000000     
   18.9453106055000       0.250000000000000       0.125000000000000     
   18.9453106055000       0.250000000000000       0.625000000000000     
   19.3359355665000       0.625000000000000       0.125000000000000     
   18.9453106055000       0.375000000000000       0.375000000000000     
   19.1406230860000       0.625000000000000       0.250000000000000     
   19.1406230860000       0.375000000000000       0.250000000000000     
   19.9218730080000       0.125000000000000       0.750000000000000     
   19.1406230860000       0.125000000000000       0.250000000000000     
   19.1406230860000       0.125000000000000       0.750000000000000     
   19.9218730080000       0.625000000000000       0.250000000000000     
   19.5312480470000       0.125000000000000       0.625000000000000     
   19.5312480470000       0.375000000000000       0.375000000000000     
   19.5312480470000       0.250000000000000       0.375000000000000     
   19.5312480470000       0.250000000000000       0.625000000000000     
   18.5546856445000       0.625000000000000       0.125000000000000     
   18.5546856445000       0.125000000000000       0.125000000000000     
   18.5546856445000       0.125000000000000       0.625000000000000     
   17.7734357225000       0.125000000000000       0.125000000000000     
   18.5546856445000       0.375000000000000       0.250000000000000     
   18.1640606835000       0.125000000000000       0.250000000000000     
   18.3593731640000       0.250000000000000       0.125000000000000     
   18.3593731640000       0.250000000000000       0.375000000000000     
   18.1640606835000       0.750000000000000       0.125000000000000     
   17.3828107615000       0.750000000000000       0.125000000000000     
   17.3828107615000       0.250000000000000       0.125000000000000     
   17.3828107615000       0.250000000000000       0.625000000000000     
   17.7734357225000       0.625000000000000       0.125000000000000     
   17.3828107615000       0.375000000000000       0.375000000000000     
   17.5781232420000       0.625000000000000       0.250000000000000     
   17.5781232420000       0.375000000000000       0.250000000000000     
   18.3593731640000       0.125000000000000       0.750000000000000     
   17.5781232420000       0.125000000000000       0.250000000000000     
   17.5781232420000       0.125000000000000       0.750000000000000     
   18.3593731640000       0.625000000000000       0.250000000000000     
   17.9687482030000       0.125000000000000       0.625000000000000     
   17.9687482030000       0.375000000000000       0.375000000000000     
   17.9687482030000       0.250000000000000       0.375000000000000     
   17.9687482030000       0.250000000000000       0.625000000000000     
   16.9921858006250       0.625000000000000       0.125000000000000     
   16.9921858006250       0.125000000000000       0.125000000000000     
   16.9921858006250       0.125000000000000       0.625000000000000     
   16.2109358791250       0.125000000000000       0.125000000000000     
   16.9921858006250       0.375000000000000       0.250000000000000     
   16.6015608398750       0.125000000000000       0.250000000000000     
   16.7968733202500       0.250000000000000       0.125000000000000     
   16.7968733202500       0.250000000000000       0.375000000000000     
   16.6015608398750       0.750000000000000       0.125000000000000     
   15.8203109183750       0.750000000000000       0.125000000000000     
   15.8203109183750       0.250000000000000       0.125000000000000     
   15.8203109183750       0.250000000000000       0.625000000000000     
   16.2109358791250       0.625000000000000       0.125000000000000     
   15.8203109183750       0.375000000000000       0.375000000000000     
   16.0156233987500       0.625000000000000       0.250000000000000     
   16.0156233987500       0.375000000000000       0.250000000000000     
   16.7968733202500       0.125000000000000       0.750000000000000     
   16.0156233987500       0.125000000000000       0.250000000000000     
   16.0156233987500       0.125000000000000       0.750000000000000     
   16.7968733202500       0.625000000000000       0.250000000000000     
   16.4062483595000       0.125000000000000       0.625000000000000     
   16.4062483595000       0.375000000000000       0.375000000000000     
   16.4062483595000       0.250000000000000       0.375000000000000     
   16.4062483595000       0.250000000000000       0.625000000000000     
   15.4296859575000       0.625000000000000       0.125000000000000     
   15.4296859575000       0.125000000000000       0.125000000000000     
   15.4296859575000       0.125000000000000       0.625000000000000     
   14.6484360355000       0.125000000000000       0.125000000000000     
   15.4296859575000       0.375000000000000       0.250000000000000     
   15.0390609965000       0.125000000000000       0.250000000000000     
   15.2343734770000       0.250000000000000       0.125000000000000     
   15.2343734770000       0.250000000000000       0.375000000000000     
   15.0390609965000       0.750000000000000       0.125000000000000     
   14.2578110745000       0.750000000000000       0.125000000000000     
   14.2578110745000       0.250000000000000       0.125000000000000     
   14.2578110745000       0.250000000000000       0.625000000000000     
   14.6484360355000       0.625000000000000       0.125000000000000     
   14.2578110745000       0.375000000000000       0.375000000000000     
   14.4531235550000       0.625000000000000       0.250000000000000     
   14.4531235550000       0.375000000000000       0.250000000000000     
   15.2343734770000       0.125000000000000       0.750000000000000     
   14.4531235550000       0.125000000000000       0.250000000000000     
   14.4531235550000       0.125000000000000       0.750000000000000     
   15.2343734770000       0.625000000000000       0.250000000000000     
   14.8437485160000       0.125000000000000       0.625000000000000     
   14.8437485160000       0.375000000000000       0.375000000000000     
   14.8437485160000       0.250000000000000       0.375000000000000     
   14.8437485160000       0.250000000000000       0.625000000000000     
   13.8671861135000       0.625000000000000       0.125000000000000     
   13.8671861135000       0.125000000000000       0.125000000000000     
   13.8671861135000       0.125000000000000       0.625000000000000     
   13.0859361915000       0.125000000000000       0.125000000000000     
   13.8671861135000       0.375000000000000       0.250000000000000     
   13.4765611525000       0.125000000000000       0.250000000000000     
   13.6718736330000       0.250000000000000       0.125000000000000     
   13.6718736330000       0.250000000000000       0.375000000000000     
   13.4765611525000       0.750000000000000       0.125000000000000     
   12.6953112305000       0.750000000000000       0.125000000000000     
   12.6953112305000       0.250000000000000       0.125000000000000     
   12.6953112305000       0.250000000000000       0.625000000000000     
   13.0859361915000       0.625000000000000       0.125000000000000     
   12.6953112305000       0.375000000000000       0.375000000000000     
   12.8906237110000       0.625000000000000       0.250000000000000     
   12.8906237110000       0.375000000000000       0.250000000000000     
   13.6718736330000       0.125000000000000       0.750000000000000     
   12.8906237110000       0.125000000000000       0.250000000000000     
   12.8906237110000       0.125000000000000       0.750000000000000     
   13.6718736330000       0.625000000000000       0.250000000000000     
   13.2812486720000       0.125000000000000       0.625000000000000     
   13.2812486720000       0.375000000000000       0.375000000000000     
   13.2812486720000       0.250000000000000       0.375000000000000     
   13.2812486720000       0.250000000000000       0.625000000000000     
   12.3046862695000       0.625000000000000       0.125000000000000     
   12.3046862695000       0.125000000000000       0.125000000000000     
   12.3046862695000       0.125000000000000       0.625000000000000     
   11.5234363475000       0.125000000000000       0.125000000000000     
   12.3046862695000       0.375000000000000       0.250000000000000     
   11.9140613085000       0.125000000000000       0.250000000000000     
   12.1093737890000       0.250000000000000       0.125000000000000     
   12.1093737890000       0.250000000000000       0.375000000000000     
   11.9140613085000       0.750000000000000       0.125000000000000     
   11.1328113865000       0.750000000000000       0.125000000000000     
   11.1328113865000       0.250000000000000       0.125000000000000     
   11.1328113865000       0.250000000000000       0.625000000000000     
   11.5234363475000       0.625000000000000       0.125000000000000     
   11.1328113865000       0.375000000000000       0.375000000000000     
   11.3281238670000       0.625000000000000       0.250000000000000     
   11.3281238670000       0.375000000000000       0.250000000000000     
   12.1093737890000       0.125000000000000       0.750000000000000     
   11.3281238670000       0.125000000000000       0.250000000000000     
   11.3281238670000       0.125000000000000       0.750000000000000     
   12.1093737890000       0.625000000000000       0.250000000000000     
   11.7187488280000       0.125000000000000       0.625000000000000     
   11.7187488280000       0.375000000000000       0.375000000000000     
   11.7187488280000       0.250000000000000       0.375000000000000     
   11.7187488280000       0.250000000000000       0.625000000000000     
   10.7421864255625       0.625000000000000       0.125000000000000     
   10.7421864255625       0.125000000000000       0.125000000000000     
   10.7421864255625       0.125000000000000       0.625000000000000     
   9.96093650381250       0.125000000000000       0.125000000000000     
   10.7421864255625       0.375000000000000       0.250000000000000     
   10.3515614646875       0.125000000000000       0.250000000000000     
   10.5468739451250       0.250000000000000       0.125000000000000     
   10.5468739451250       0.250000000000000       0.375000000000000     
   10.3515614646875       0.750000000000000       0.125000000000000     
   9.57031154293750       0.750000000000000       0.125000000000000     
   9.57031154293750       0.250000000000000       0.125000000000000     
   9.57031154293750       0.250000000000000       0.625000000000000     
   9.96093650381250       0.625000000000000       0.125000000000000     
   9.57031154293750       0.375000000000000       0.375000000000000     
   9.76562402337500       0.625000000000000       0.250000000000000     
   9.76562402337500       0.375000000000000       0.250000000000000     
   10.5468739451250       0.125000000000000       0.750000000000000     
   9.76562402337500       0.125000000000000       0.250000000000000     
   9.76562402337500       0.125000000000000       0.750000000000000     
   10.5468739451250       0.625000000000000       0.250000000000000     
   10.1562489842500       0.125000000000000       0.625000000000000     
   10.1562489842500       0.375000000000000       0.375000000000000     
   10.1562489842500       0.250000000000000       0.375000000000000     
   10.1562489842500       0.250000000000000       0.625000000000000     
   9.17968658203750       0.625000000000000       0.125000000000000     
   9.17968658203750       0.125000000000000       0.125000000000000     
   9.17968658203750       0.125000000000000       0.625000000000000     
   8.39843666018750       0.125000000000000       0.125000000000000     
   9.17968658203750       0.375000000000000       0.250000000000000     
   8.78906162111250       0.125000000000000       0.250000000000000     
   8.98437410157500       0.250000000000000       0.125000000000000     
   8.98437410157500       0.250000000000000       0.375000000000000     
   8.78906162111250       0.750000000000000       0.125000000000000     
   8.00781169926250       0.750000000000000       0.125000000000000     
   8.00781169926250       0.250000000000000       0.125000000000000     
   8.00781169926250       0.250000000000000       0.625000000000000     
   8.39843666018750       0.625000000000000       0.125000000000000     
   8.00781169926250       0.375000000000000       0.375000000000000     
   8.20312417972500       0.625000000000000       0.250000000000000     
   8.20312417972500       0.375000000000000       0.250000000000000     
   8.98437410157500       0.125000000000000       0.750000000000000     
   8.20312417972500       0.125000000000000       0.250000000000000     
   8.20312417972500       0.125000000000000       0.750000000000000     
   8.98437410157500       0.625000000000000       0.250000000000000     
   8.59374914065000       0.125000000000000       0.625000000000000     
   8.59374914065000       0.375000000000000       0.375000000000000     
   8.59374914065000       0.250000000000000       0.375000000000000     
   8.59374914065000       0.250000000000000       0.625000000000000     
   7.61718673832500       0.625000000000000       0.125000000000000     
   7.61718673832500       0.125000000000000       0.125000000000000     
   7.61718673832500       0.125000000000000       0.625000000000000     
   6.83593681642500       0.125000000000000       0.125000000000000     
   7.61718673832500       0.375000000000000       0.250000000000000     
   7.22656177737500       0.125000000000000       0.250000000000000     
   7.42187425785000       0.250000000000000       0.125000000000000     
   7.42187425785000       0.250000000000000       0.375000000000000     
   7.22656177737500       0.750000000000000       0.125000000000000     
   6.44531185547500       0.750000000000000       0.125000000000000     
   6.44531185547500       0.250000000000000       0.125000000000000     
   6.44531185547500       0.250000000000000       0.625000000000000     
   6.83593681642500       0.625000000000000       0.125000000000000     
   6.44531185547500       0.375000000000000       0.375000000000000     
   6.64062433595000       0.625000000000000       0.250000000000000     
   6.64062433595000       0.375000000000000       0.250000000000000     
   7.42187425785000       0.125000000000000       0.750000000000000     
   6.64062433595000       0.125000000000000       0.250000000000000     
   6.64062433595000       0.125000000000000       0.750000000000000     
   7.42187425785000       0.625000000000000       0.250000000000000     
   7.03124929690000       0.125000000000000       0.625000000000000     
   7.03124929690000       0.375000000000000       0.375000000000000     
   7.03124929690000       0.250000000000000       0.375000000000000     
   7.03124929690000       0.250000000000000       0.625000000000000     
   6.05468689453750       0.625000000000000       0.125000000000000     
   6.05468689453750       0.125000000000000       0.125000000000000     
   6.05468689453750       0.125000000000000       0.625000000000000     
   5.27343697268750       0.125000000000000       0.125000000000000     
   6.05468689453750       0.375000000000000       0.250000000000000     
   5.66406193361250       0.125000000000000       0.250000000000000     
   5.85937441407500       0.250000000000000       0.125000000000000     
   5.85937441407500       0.250000000000000       0.375000000000000     
   5.66406193361250       0.750000000000000       0.125000000000000     
   4.88281201176250       0.750000000000000       0.125000000000000     
   4.88281201176250       0.250000000000000       0.125000000000000     
   4.88281201176250       0.250000000000000       0.625000000000000     
   5.27343697268750       0.625000000000000       0.125000000000000     
   4.88281201176250       0.375000000000000       0.375000000000000     
   5.07812449222500       0.625000000000000       0.250000000000000     
   5.07812449222500       0.375000000000000       0.250000000000000     
   5.85937441407500       0.125000000000000       0.750000000000000     
   5.07812449222500       0.125000000000000       0.250000000000000     
   5.07812449222500       0.125000000000000       0.750000000000000     
   5.85937441407500       0.625000000000000       0.250000000000000     
   5.46874945315000       0.125000000000000       0.625000000000000     
   5.46874945315000       0.375000000000000       0.375000000000000     
   5.46874945315000       0.250000000000000       0.375000000000000     
   5.46874945315000       0.250000000000000       0.625000000000000     
   4.49218705082500       0.625000000000000       0.125000000000000     
   4.49218705082500       0.125000000000000       0.125000000000000     
   4.49218705082500       0.125000000000000       0.625000000000000     
   3.71093712892500       0.125000000000000       0.125000000000000     
   4.49218705082500       0.375000000000000       0.250000000000000     
   4.10156208987500       0.125000000000000       0.250000000000000     
   4.29687457035000       0.250000000000000       0.125000000000000     
   4.29687457035000       0.250000000000000       0.375000000000000     
   4.10156208987500       0.750000000000000       0.125000000000000     
   3.32031216797500       0.750000000000000       0.125000000000000     
   3.32031216797500       0.250000000000000       0.125000000000000     
   3.32031216797500       0.250000000000000       0.625000000000000     
   3.71093712892500       0.625000000000000       0.125000000000000     
   3.32031216797500       0.375000000000000       0.375000000000000     
   3.51562464845000       0.625000000000000       0.250000000000000     
   3.51562464845000       0.375000000000000       0.250000000000000     
   4.29687457035000       0.125000000000000       0.750000000000000     
   3.51562464845000       0.125000000000000       0.250000000000000     
   3.51562464845000       0.125000000000000       0.750000000000000     
   4.29687457035000       0.625000000000000       0.250000000000000     
   3.90624960940000       0.125000000000000       0.625000000000000     
   3.90624960940000       0.375000000000000       0.375000000000000     
   3.90624960940000       0.250000000000000       0.375000000000000     
   3.90624960940000       0.250000000000000       0.625000000000000     
   2.92968720703750       0.625000000000000       0.125000000000000     
   2.92968720703750       0.125000000000000       0.125000000000000     
   2.92968720703750       0.125000000000000       0.625000000000000     
   2.14843728518750       0.125000000000000       0.125000000000000     
   2.92968720703750       0.375000000000000       0.250000000000000     
   2.53906224611250       0.125000000000000       0.250000000000000     
   2.73437472657500       0.250000000000000       0.125000000000000     
   2.73437472657500       0.250000000000000       0.375000000000000     
   2.53906224611250       0.750000000000000       0.125000000000000     
   1.75781232426250       0.750000000000000       0.125000000000000     
   1.75781232426250       0.250000000000000       0.125000000000000     
   1.75781232426250       0.250000000000000       0.625000000000000     
   2.14843728518750       0.625000000000000       0.125000000000000     
   1.75781232426250       0.375000000000000       0.375000000000000     
   1.95312480472500       0.625000000000000       0.250000000000000     
   1.95312480472500       0.375000000000000       0.250000000000000     
   2.73437472657500       0.125000000000000       0.750000000000000     
   1.95312480472500       0.125000000000000       0.250000000000000     
   1.95312480472500       0.125000000000000       0.750000000000000     
   2.73437472657500       0.625000000000000       0.250000000000000     
   2.34374976565000       0.125000000000000       0.625000000000000     
   2.34374976565000       0.375000000000000       0.375000000000000     
   2.34374976565000       0.250000000000000       0.375000000000000     
   2.34374976565000       0.250000000000000       0.625000000000000     
   1.36718736332500       0.625000000000000       0.125000000000000     
   1.36718736332500       0.125000000000000       0.125000000000000     
   1.36718736332500       0.125000000000000       0.625000000000000     
  0.585937441425000       0.125000000000000       0.125000000000000     
   1.36718736332500       0.375000000000000       0.250000000000000     
  0.976562402375000       0.125000000000000       0.250000000000000     
   1.17187488285000       0.250000000000000       0.125000000000000     
   1.17187488285000       0.250000000000000       0.375000000000000     
  0.976562402375000       0.750000000000000       0.125000000000000     
  0.195312480475000       0.750000000000000       0.125000000000000     
  0.195312480475000       0.250000000000000       0.125000000000000     
  0.195312480475000       0.250000000000000       0.625000000000000     
  0.585937441425000       0.625000000000000       0.125000000000000     
  0.195312480475000       0.375000000000000       0.375000000000000     
  0.390624960950000       0.625000000000000       0.250000000000000     
  0.390624960950000       0.375000000000000       0.250000000000000     
   1.17187488285000       0.125000000000000       0.750000000000000     
  0.390624960950000       0.125000000000000       0.250000000000000     
  0.390624960950000       0.125000000000000       0.750000000000000     
   1.17187488285000       0.625000000000000       0.250000000000000     
  0.781249921900000       0.125000000000000       0.625000000000000     
  0.781249921900000       0.375000000000000       0.375000000000000     
  0.781249921900000       0.250000000000000       0.375000000000000     
  0.781249921900000       0.250000000000000       0.625000000000000     