24.1362712429687       0.861803398874989       0.723606797749979     
   24.1362712429687       0.861803398874989       0.276393202250021     
   24.1362712429687       0.414589803375031       0.723606797749979     
   21.3411862710939       0.861803398874989       0.276393202250021     
   23.2725424859374       0.861803398874989       0.861803398874989     
   23.2725424859374       0.414589803375031       0.861803398874989     
   20.4774575140626       0.861803398874989       0.861803398874989     
   20.4774575140626       0.861803398874989       0.414589803375031     
   19.6137287570313       0.723606797749979       0.861803398874989     
   19.6137287570313       0.276393202250021       0.861803398874989     
   19.6137287570313       0.723606797749979       0.414589803375031     
   22.4088137289061       0.276393202250021       0.861803398874989     
   16.1588137289061       0.861803398874989       0.276393202250021     
   13.3637287570313       0.861803398874989       0.276393202250021     
   13.3637287570313       0.414589803375031       0.723606797749979     
   13.3637287570313       0.861803398874989       0.723606797749979     
   17.8862712429687       0.723606797749979       0.861803398874989     
   17.8862712429687       0.723606797749979       0.414589803375031     
   17.8862712429687       0.276393202250021       0.861803398874989     
   15.0911862710939       0.276393202250021       0.861803398874989     
   17.0225424859374       0.861803398874989       0.861803398874989     
   14.2274575140626       0.414589803375031       0.861803398874989     
   14.2274575140626       0.861803398874989       0.861803398874989     
   17.0225424859374       0.861803398874989       0.414589803375031     
   9.90881372890605       0.861803398874989       0.276393202250021     
   7.11372875703132       0.861803398874989       0.276393202250021     
   7.11372875703132       0.414589803375031       0.723606797749979     
   7.11372875703132       0.861803398874989       0.723606797749979     
   11.6362712429687       0.723606797749979       0.861803398874989     
   11.6362712429687       0.723606797749979       0.414589803375031     
   11.6362712429687       0.276393202250021       0.861803398874989     
   8.84118627109395       0.276393202250021       0.861803398874989     
   10.7725424859374       0.861803398874989       0.861803398874989     
   7.97745751406263       0.414589803375031       0.861803398874989     
   7.97745751406263       0.861803398874989       0.861803398874989     
   10.7725424859374       0.861803398874989       0.414589803375031     
   3.65881372890605       0.861803398874989       0.276393202250021     
  0.863728757031315       0.861803398874989       0.276393202250021     
  0.863728757031315       0.414589803375031       0.723606797749979     
  0.863728757031315       0.861803398874989       0.723606797749979     
   5.38627124296868       0.723606797749979       0.861803398874989     
   5.38627124296868       0.723606797749979       0.414589803375031     
   5.38627124296868       0.276393202250021       0.861803398874989     
   2.59118627109395       0.276393202250021       0.861803398874989     
   4.52254248593737       0.861803398874989       0.861803398874989     
   1.72745751406263       0.414589803375031       0.861803398874989     
   1.72745751406263       0.861803398874989       0.861803398874989     
   4.52254248593737       0.861803398874989       0.414589803375031     
   22.4088137289061       0.138196601125011       0.138196601125011     
   19.6137287570313       0.138196601125011       0.138196601125011     
   19.6137287570313       0.138196601125011       0.585410196624969     
   19.6137287570313       0.585410196624969       0.138196601125011     
   24.1362712429687       0.723606797749979       0.138196601125011     
   24.1362712429687       0.276393202250021       0.138196601125011     
   24.1362712429687       0.276393202250021       0.585410196624969     
   21.3411862710939       0.723606797749979       0.138196601125011     
   23.2725424859374       0.138196601125011       0.723606797749979     
   20.4774575140626       0.138196601125011       0.723606797749979     
   20.4774575140626       0.585410196624969       0.276393202250021     
   23.2725424859374       0.138196601125011       0.276393202250021     
   17.8862712429687       0.585410196624968       0.138196601125011     
   17.8862712429687       0.138196601125010       0.138196601125011     
   17.8862712429687       0.138196601125010       0.585410196624969     
   15.0911862710939       0.138196601125010       0.138196601125011     
   16.1588137289061       0.723606797749979       0.138196601125011     
   13.3637287570313       0.723606797749979       0.138196601125011     
   13.3637287570313       0.276393202250021       0.138196601125011     
   13.3637287570313       0.276393202250021       0.585410196624969     
   17.0225424859374       0.138196601125011       0.723606797749979     
   14.2274575140626       0.138196601125011       0.276393202250021     
   14.2274575140626       0.138196601125011       0.723606797749979     
   17.0225424859374       0.585410196624969       0.276393202250021     
   11.6362712429687       0.585410196624968       0.138196601125011     
   11.6362712429687       0.138196601125010       0.138196601125011     
   11.6362712429687       0.138196601125010       0.585410196624969     
   8.84118627109395       0.138196601125010       0.138196601125011     
   9.90881372890605       0.723606797749979       0.138196601125011     
   7.11372875703132       0.723606797749979       0.138196601125011     
   7.11372875703132       0.276393202250021       0.138196601125011     
   7.11372875703132       0.276393202250021       0.585410196624969     
   10.7725424859374       0.138196601125011       0.723606797749979     
   7.97745751406263       0.138196601125011       0.276393202250021     
   7.97745751406263       0.138196601125011       0.723606797749979     
   10.7725424859374       0.585410196624969       0.276393202250021     
   5.38627124296868       0.585410196624968       0.138196601125011     
   5.38627124296868       0.138196601125010       0.138196601125011     
   5.38627124296868       0.138196601125010       0.585410196624969     
   2.59118627109395       0.138196601125010       0.138196601125011     
   3.65881372890605       0.723606797749979       0.138196601125011     
  0.863728757031315       0.723606797749979       0.138196601125011     
  0.863728757031315       0.276393202250021       0.138196601125011     
  0.863728757031315       0.276393202250021       0.585410196624969     
   4.52254248593737       0.138196601125011       0.723606797749979     
   1.72745751406263       0.138196601125011       0.276393202250021     
   1.72745751406263       0.138196601125011       0.723606797749979     
   4.52254248593737       0.585410196624969       0.276393202250021     