24.6583245538707       0.750000000000000       0.500000000000000     
   24.2676405590353       0.750000000000000       0.750000000000000     
   23.8769366524375       0.500000000000000       0.750000000000000     
   22.3137750479992       0.750000000000000       0.500000000000000     
   23.0954351629616       0.500000000000000       0.750000000000000     
   22.7046267943624       0.750000000000000       0.750000000000000     
   20.7502090600241       0.750000000000000       0.500000000000000     
   21.5320949098536       0.500000000000000       0.750000000000000     
   21.1411828227541       0.750000000000000       0.750000000000000     
   19.1861942601877       0.750000000000000       0.500000000000000     
   19.9683677484980       0.500000000000000       0.750000000000000     
   19.5773147080867       0.750000000000000       0.750000000000000     
   17.6217382012732       0.750000000000000       0.500000000000000     
   18.4041620495608       0.500000000000000       0.750000000000000     
   18.0129919346912       0.750000000000000       0.750000000000000     
   16.0568582389162       0.750000000000000       0.500000000000000     
   16.8395230447544       0.500000000000000       0.750000000000000     
   16.4482385164425       0.750000000000000       0.750000000000000     
   14.4915809251788       0.750000000000000       0.500000000000000     
   15.2744725433155       0.500000000000000       0.750000000000000     
   14.8830806000887       0.750000000000000       0.750000000000000     
   12.9259330475363       0.750000000000000       0.500000000000000     
   13.7090349572031       0.500000000000000       0.750000000000000     
   13.3175433116368       0.750000000000000       0.750000000000000     
   11.3599451300601       0.750000000000000       0.500000000000000     
   12.1432395669944       0.500000000000000       0.750000000000000     
   11.7516565361616       0.750000000000000       0.750000000000000     
   9.79365114038075       0.750000000000000       0.500000000000000     
   10.5771181370527       0.500000000000000       0.750000000000000     
   10.1854530684595       0.750000000000000       0.750000000000000     
   8.22708734631929       0.750000000000000       0.500000000000000     
   9.01070559691678       0.500000000000000       0.750000000000000     
   8.61896833995288       0.750000000000000       0.750000000000000     
   6.66029915433060       0.750000000000000       0.500000000000000     
   7.44404298665431       0.500000000000000       0.750000000000000     
   7.05224644833591       0.750000000000000       0.750000000000000     
   5.09334237488099       0.750000000000000       0.500000000000000     
   5.87716807209590       0.500000000000000       0.750000000000000     
   5.48532389180928       0.750000000000000       0.750000000000000     
   3.52620063961563       0.750000000000000       0.500000000000000     
   4.31015833236380       0.500000000000000       0.750000000000000     
   3.91827592760539       0.750000000000000       0.750000000000000     
   1.95932026188690       0.750000000000000       0.500000000000000     
   2.74302752787869       0.500000000000000       0.750000000000000     
   2.35120810850051       0.750000000000000       0.750000000000000     
  0.391817296528498       0.750000000000000       0.500000000000000     
   1.17590510914981       0.500000000000000       0.750000000000000     
  0.783814783357646       0.750000000000000       0.750000000000000     
   23.8769379950491       0.250000000000000       0.250000000000000     
   24.6583389571250       0.500000000000000       0.250000000000000     
   24.2676534728241       0.250000000000000       0.500000000000000     
   23.0954157630460       0.250000000000000       0.250000000000000     
   22.3137756137764       0.500000000000000       0.250000000000000     
   22.7046244848546       0.250000000000000       0.500000000000000     
   21.5320640677375       0.250000000000000       0.250000000000000     
   20.7502046542098       0.500000000000000       0.250000000000000     
   21.1411895450713       0.250000000000000       0.500000000000000     
   19.9683128090702       0.250000000000000       0.250000000000000     
   19.1861788796350       0.500000000000000       0.250000000000000     
   19.5773277960868       0.250000000000000       0.500000000000000     
   18.4040811924528       0.250000000000000       0.250000000000000     
   17.6217184979409       0.500000000000000       0.250000000000000     
   18.0130084416431       0.250000000000000       0.500000000000000     
   16.8394230106803       0.250000000000000       0.250000000000000     
   16.0568325658967       0.500000000000000       0.250000000000000     
   16.4482593403122       0.250000000000000       0.500000000000000     
   15.2743527181721       0.250000000000000       0.250000000000000     
   14.4915499811201       0.500000000000000       0.250000000000000     
   14.8831050741656       0.250000000000000       0.500000000000000     
   13.7088969324307       0.250000000000000       0.250000000000000     
   12.9258970627928       0.500000000000000       0.250000000000000     
   13.3175711952810       0.250000000000000       0.500000000000000     
   12.1430846175945       0.250000000000000       0.250000000000000     
   11.3599044657975       0.500000000000000       0.250000000000000     
   11.7516875581277       0.250000000000000       0.500000000000000     
   10.5769477241381       0.250000000000000       0.250000000000000     
   9.79360612368540       0.500000000000000       0.250000000000000     
   10.1854868600833       0.250000000000000       0.500000000000000     
   9.01052149693840       0.250000000000000       0.250000000000000     
   8.22703836435759       0.500000000000000       0.250000000000000     
   8.61900452965629       0.250000000000000       0.500000000000000     
   7.44384610775057       0.250000000000000       0.250000000000000     
   6.66024771010795       0.500000000000000       0.250000000000000     
   7.05228535863244       0.250000000000000       0.500000000000000     
   5.87696132907643       0.250000000000000       0.250000000000000     
   5.09327899690734       0.500000000000000       0.250000000000000     
   5.48535754833787       0.250000000000000       0.500000000000000     
   4.30995128008444       0.250000000000000       0.250000000000000     
   3.52616918552186       0.500000000000000       0.250000000000000     
   3.91833611240168       0.250000000000000       0.500000000000000     
   2.74282489319613       0.250000000000000       0.250000000000000     
   1.95924119656639       0.500000000000000       0.250000000000000     
   2.35124151971113       0.250000000000000       0.500000000000000     
   1.17582477043538       0.250000000000000       0.250000000000000     
  0.391817296528498       0.500000000000000       0.250000000000000     
  0.783907516871386       0.250000000000000       0.500000000000000     