   23.4842788112967       0.750000000000000       0.500000000000000     
   21.9202361367968       0.750000000000000       0.750000000000000     
   20.3562809699600       0.500000000000000       0.750000000000000     
   14.0963106362322       0.750000000000000       0.500000000000000     
   17.2272941351631       0.500000000000000       0.750000000000000     
   15.6620844650436       0.750000000000000       0.750000000000000     
   7.83551738275914       0.750000000000000       0.500000000000000     
   10.9663484770110       0.500000000000000       0.750000000000000     
   9.40119582170945       0.750000000000000       0.750000000000000     
   1.56718636510742       0.750000000000000       0.500000000000000     
   4.70324152125748       0.500000000000000       0.750000000000000     
   3.13506441283024       0.750000000000000       0.750000000000000     
   20.3563720574136       0.250000000000000       0.250000000000000     
   23.4844000953007       0.500000000000000       0.250000000000000     
   21.9203571130318       0.250000000000000       0.500000000000000     
   17.2271597936088       0.250000000000000       0.250000000000000     
   14.0963715074325       0.500000000000000       0.250000000000000     
   15.6621438273926       0.250000000000000       0.500000000000000     
   10.9658560949269       0.250000000000000       0.250000000000000     
   7.83525587641619       0.500000000000000       0.250000000000000     
   9.40109809979229       0.250000000000000       0.500000000000000     
   4.70297571207556       0.250000000000000       0.250000000000000     
   1.56718636510742       0.500000000000000       0.250000000000000     
   3.13536329300841       0.250000000000000       0.500000000000000 