 24.2187494532500       0.750000000000000       0.500000000000000     
   23.4374989065000       0.750000000000000       0.750000000000000     
   22.6562483597500       0.500000000000000       0.750000000000000     
   19.5312480470000       0.750000000000000       0.500000000000000     
   21.0937478910000       0.500000000000000       0.750000000000000     
   20.3124979690000       0.750000000000000       0.750000000000000     
   16.4062483597500       0.750000000000000       0.500000000000000     
   17.9687482032500       0.500000000000000       0.750000000000000     
   17.1874982815000       0.750000000000000       0.750000000000000     
   13.2812486720000       0.750000000000000       0.500000000000000     
   14.8437485160000       0.500000000000000       0.750000000000000     
   14.0624985940000       0.750000000000000       0.750000000000000     
   10.1562489843750       0.750000000000000       0.500000000000000     
   11.7187488281250       0.500000000000000       0.750000000000000     
   10.9374989062500       0.750000000000000       0.750000000000000     
   7.03124929687500       0.750000000000000       0.500000000000000     
   8.59374914062500       0.500000000000000       0.750000000000000     
   7.81249921875000       0.750000000000000       0.750000000000000     
   3.90624960937500       0.750000000000000       0.500000000000000     
   5.46874945312500       0.500000000000000       0.750000000000000     
   4.68749953125000       0.750000000000000       0.750000000000000     
  0.781249921875000       0.750000000000000       0.500000000000000     
   2.34374976562500       0.500000000000000       0.750000000000000     
   1.56249984375000       0.750000000000000       0.750000000000000     
   22.6562483597500       0.250000000000000       0.250000000000000     
   24.2187494532500       0.500000000000000       0.250000000000000     
   23.4374989065000       0.250000000000000       0.500000000000000     
   21.0937478910000       0.250000000000000       0.250000000000000     
   19.5312480470000       0.500000000000000       0.250000000000000     
   20.3124979690000       0.250000000000000       0.500000000000000     
   17.9687482032500       0.250000000000000       0.250000000000000     
   16.4062483597500       0.500000000000000       0.250000000000000     
   17.1874982815000       0.250000000000000       0.500000000000000     
   14.8437485160000       0.250000000000000       0.250000000000000     
   13.2812486720000       0.500000000000000       0.250000000000000     
   14.0624985940000       0.250000000000000       0.500000000000000     
   11.7187488281250       0.250000000000000       0.250000000000000     
   10.1562489843750       0.500000000000000       0.250000000000000     
   10.9374989062500       0.250000000000000       0.500000000000000     
   8.59374914062500       0.250000000000000       0.250000000000000     
   7.03124929687500       0.500000000000000       0.250000000000000     
   7.81249921875000       0.250000000000000       0.500000000000000     
   5.46874945312500       0.250000000000000       0.250000000000000     
   3.90624960937500       0.500000000000000       0.250000000000000     
   4.68749953125000       0.250000000000000       0.500000000000000     
   2.34374976562500       0.250000000000000       0.250000000000000     
  0.781249921875000       0.500000000000000       0.250000000000000     
   1.56249984375000       0.250000000000000       0.500000000000000     